main
%%%%%%%%%%%%%%%%%%%%%%%%%%%%%%%%%%%%%%%%%%%%%%%%%%%%%
%%%%%%%%%%%%%%%%%%% NIEUWE OUTPUT (calibratie) %%%%%%%%%%%%%%%%%%%
%%%%%%%%%%%%%%%%%%%%%%%%%%%%%%%%%%%%%%%%%%%%%%%%%%%%%
Establishing connection to Roomba...
Setting Roomba to Control Mode...
I am alive if you just heard me beep

corners_world =

    1.4190    0.0643
    1.5405    0.6808
   -0.7918    0.7036
   -0.0542   -0.7129
    0.8496   -0.7070
    1.3355   -0.3614


corners_world =

    1.4125    0.0536
    1.5235    0.6973
   -0.7652    0.6932
   -0.0584   -0.7176
    0.8455   -0.7130
    1.3348   -0.3694


corners_world =

    1.4182    0.0608
    1.5751    0.6910
   -0.7813    0.6981
   -0.0560   -0.7148
    0.8467   -0.7124
    1.3350   -0.3671


corners_world =

    1.4134    0.0575
    1.4979    0.6920
   -0.7914    0.7033
   -0.0533   -0.7130
    0.8496   -0.7066
    1.3318   -0.3596


corners_world =

    1.4135    0.0532
    1.5790    0.6820
   -0.7745    0.6947
   -0.0574   -0.7149
    0.8459   -0.7117
    1.3353   -0.3640


corners_world =

    1.5764    0.6880
   -0.7713    0.6953
   -0.0588   -0.7176
    0.8530   -0.6907
    1.3354   -0.3711


corners_world =

    1.4360    0.0721
    1.5706    0.7013
   -0.7859    0.7003
   -0.0590   -0.7151
    0.8462   -0.7115
    1.3356   -0.3660


corners_world =

    1.6163    0.6903
   -0.7842    0.7007
   -0.0613   -0.7262
    0.8531   -0.6973
    1.3368   -0.3793


corners_world =

    1.4135    0.0548
    1.5249    0.6945
   -0.7996    0.7083
   -0.0572   -0.7150
    0.8450   -0.7137
    1.3355   -0.3711


corners_world =

    1.4300    0.0719
    1.5712    0.7001
   -0.7902    0.7042
   -0.0541   -0.7132
    0.8481   -0.7100
    1.3354   -0.3656


corners_world =

    1.4312    0.0739
    1.6177    0.6872
   -0.7594    0.6939
   -0.0466   -0.7105
    0.8518   -0.6989
    1.3364   -0.3800


corners_world =

    1.4235    0.0614
    1.5757    0.6898
   -0.7747    0.6953
   -0.0590   -0.7163
    0.8506   -0.6944
    1.3371   -0.3794


corners_world =

    1.6167    0.6894
   -0.8045    0.7091
   -0.0533   -0.7140
    0.8470   -0.7043
    1.3317   -0.3602


corners_world =

    1.4306    0.0715
    1.5544    0.6936
   -0.7825    0.6996
   -0.0586   -0.7163
    0.8523   -0.6923
    1.3437   -0.3773


corners_world =

    1.4301    0.0703
    1.5548    0.6933
   -0.7837    0.6987
   -0.0609   -0.7279
    0.8513   -0.6992
    1.3362   -0.3799


corners_world =

    0.0012    0.0036
   -0.7646    0.6930
   -0.0480   -0.7114
    0.8516   -0.6987
    1.3315   -0.3781


corners_world =

    1.4302    0.0688
    0.0342    0.0266
    0.0124    0.0423
   -0.8007    0.7077
   -0.9110    0.2271
   -0.7681   -0.2480
   -1.4905   -1.1648
   -0.0395   -0.7099
    1.1834   -1.2325


corners_world =

    1.4303    0.0684
    1.5558    0.6912
   -0.7900    0.7040
   -0.0530   -0.7138
    0.8484   -0.7031
    1.3624   -0.3929


corners_world =

    1.4285    0.0832
    1.5253    0.6937
   -0.8003    0.7081
   -0.0568   -0.7147
    0.8463   -0.7107
    1.3350   -0.3673


corners_world =

    1.4411    0.0780
    1.6160    0.6912
   -0.7601    0.6923
   -0.0610   -0.7181
    0.8509   -0.6942
    1.3399   -0.3750


corners_world =

    1.5778    0.6851
   -0.7687    0.6929
   -0.0471   -0.7109
    0.8515   -0.6982
    1.3367   -0.3808


corners_world =

    1.5775    0.6860
   -0.7800    0.6982
   -0.0568   -0.7155
    0.8461   -0.7121
    1.3350   -0.3693


corners_world =

    1.4253    0.0690
    1.5546    0.6933
   -0.7853    0.6998
   -0.0581   -0.7161
    0.8456   -0.7120
    1.3357   -0.3659


corners_world =

    1.4375    0.0747
    1.5527    0.6970
   -0.8103    0.7122
   -0.0488   -0.7131
    0.8510   -0.7000
    1.3412   -0.3836


corners_world =

    1.4133    0.0584
    1.5771    0.6869
   -0.7778    0.6969
   -0.0511   -0.7132
    0.8508   -0.6999
    1.3313   -0.3800


corners_world =

    1.4189    0.0613
    1.5751    0.6916
   -0.7843    0.7005
   -0.0551   -0.7144
    0.8218   -0.7216
    1.3354   -0.3643


corners_world =

    1.5773    0.6864
   -0.7744    0.6962
   -0.0556   -0.7153
    0.8234   -0.7202
    1.3319   -0.3610


corners_world =

    1.4200    0.0649
    1.5732    0.6959
   -0.7886    0.7016
   -0.0545   -0.7144
    0.8213   -0.7195
    1.3312   -0.3639


corners_world =

    1.4127    0.0541
    1.5248    0.6950
   -0.7630    0.6924
   -0.0489   -0.7123
    0.8503   -0.7005
    1.3566   -0.3924


corners_world =

    1.4254    0.0682
    1.5724    0.6976
   -0.7950    0.7038
   -0.0542   -0.7134
    0.8482   -0.7105
    1.3357   -0.3663


corners_world =

    1.4544    0.0827
    1.5182    0.6885
   -0.7585    0.6921
   -0.0493   -0.7130
    0.8486   -0.7030
    1.3569   -0.3916


corners_world =

    1.4185    0.0598
    1.5753    0.6912
   -0.7835    0.6990
   -0.0566   -0.7165
    0.8457   -0.7135
    1.3401   -0.3722


corners_world =

    1.4365    0.0723
    1.5373    0.6886
   -0.8042    0.7089
   -0.0525   -0.7138
    0.8260   -0.7211
    1.3352   -0.3626


corners_world =

    1.4313    0.0756
    1.6172    0.6887
   -0.8018    0.7071
   -0.0505   -0.7134
    0.8515   -0.6995
    1.3360   -0.3793


corners_world =

    1.4239    0.0627
    1.4188    0.6902
   -0.7617    0.6912
   -0.0464   -0.7110
    0.8542   -0.6959
    1.3345   -0.3765


corners_world =

    1.4353    0.0809
    1.6150    0.6940
   -0.8012    0.7074
   -0.0542   -0.7139
    0.8494   -0.7072
    1.3361   -0.3601


corners_world =

    1.4246    0.0647
    1.5744    0.6934
   -0.7786    0.6970
   -0.0549   -0.7154
    0.8469   -0.7109
    1.3357   -0.3693


corners_world =

    1.4312    0.0736
    1.5446    0.6939
   -0.8138    0.7134
   -0.0484   -0.7128
    0.8492   -0.7023
    1.3324   -0.3556


corners_world =

    1.4367    0.0731
    1.5530    0.6966
   -0.7627    0.6941
   -0.0459   -0.7105
    0.8527   -0.6977
    1.3318   -0.3788


corners_world =

    1.4242    0.0624
    1.5742    0.6938
   -0.7949    0.7053
   -0.0517   -0.7126
    0.8506   -0.7011
    1.3363   -0.3813


corners_world =

    1.4306    0.0701
    1.4713    0.6906
   -0.7942    0.7050
   -0.0549   -0.7131
    0.8230   -0.7200
    1.3356   -0.3614


corners_world =

    1.4364    0.0755
    1.6165    0.6905
   -0.8114    0.7109
   -0.0506   -0.7132
    0.8502   -0.7011
    1.3422   -0.3833


corners_world =

    1.4313    0.0768
    1.6169    0.6896
   -0.7599    0.6934
   -0.0473   -0.7109
    0.8531   -0.6972
    1.3378   -0.3769


corners_world =

    1.4075    0.0513
    1.5255    0.6938
   -0.7584    0.6913
   -0.0473   -0.7112
    0.8522   -0.6980
    1.3375   -0.3769


corners_world =

    1.4358    0.0814
    1.5274    0.6897
   -0.7943    0.7060
   -0.0567   -0.7152
    0.8468   -0.7115
    1.3355   -0.3712


corners_world =

    1.4313    0.0733
    1.5454    0.6923
   -0.7904    0.7040
   -0.0561   -0.7145
    0.8464   -0.7124
    1.3401   -0.3717


corners_world =

    1.4310    0.0741
    1.5452    0.6927
   -0.8037    0.7096
   -0.0480   -0.7104
    0.8514   -0.6950
    1.3374   -0.3784


corners_world =

    1.4285    0.0868
    1.5230    0.6993
   -0.7649    0.6915
   -0.0472   -0.7112
    0.8452   -0.7200
    1.3376   -0.3788


corners_world =

    1.4201    0.0669
    1.5737    0.6952
   -0.7913    0.7044
   -0.0550   -0.7131
    0.8494   -0.7089
    1.3317   -0.3646


corners_world =

    1.4301    0.0717
    1.5378    0.6879
   -0.8051    0.7081
   -0.0483   -0.7133
    0.8490   -0.7027
    1.3329   -0.3544


corners_world =

    1.4240    0.0636
    1.5752    0.6918
   -0.7705    0.6947
   -0.0485   -0.7111
    0.8507   -0.7002
    1.3406   -0.3836


corners_world =

    1.4191    0.0615
    1.5748    0.6926
   -0.7645    0.6927
   -0.0522   -0.7128
    0.8481   -0.7043
    1.3319   -0.3580


corners_world =

    1.5784    0.6845
   -0.7571    0.6931
   -0.0520   -0.7138
    0.8515   -0.7052
    1.3312   -0.3586


corners_world =

    1.4243    0.0578
    1.5777    0.6862
   -0.8141    0.7129
   -0.0534   -0.7135
    0.8226   -0.7210
    1.3311   -0.3629


corners_world =

    1.4308    0.0698
    1.4790    0.6933
   -0.7909    0.7041
   -0.0536   -0.7137
    0.8234   -0.7194
    1.3319   -0.3619


corners_world =

    1.4247    0.0660
    1.5650    0.6934
   -0.8005    0.7076
   -0.0485   -0.7111
    0.8502   -0.7013
    1.3423   -0.3825


corners_world =

    1.4255    0.0707
    1.5722    0.6987
   -0.8003    0.7078
   -0.0509   -0.7129
    0.8502   -0.7017
    1.3325   -0.3570


corners_world =

    1.4256    0.0692
    1.5715    0.7004
   -0.8018    0.7072
   -0.0498   -0.7107
    0.8510   -0.7004
    1.3422   -0.3828


corners_world =

    1.4200    0.0662
    1.5736    0.6957
   -0.7997    0.7084
   -0.0488   -0.7130
    0.8504   -0.7007
    1.3414   -0.3849


corners_world =

    1.4192    0.0615
    1.5745    0.6935
   -0.7916    0.7028
   -0.0518   -0.7138
    0.8478   -0.7047
    1.3320   -0.3560


corners_world =

    1.4368    0.0748
    1.5447    0.6940
   -0.8031    0.7095
   -0.0529   -0.7140
    0.8280   -0.7206
    1.3349   -0.3615


corners_world =

    1.4313    0.0714
    1.5537    0.6960
   -0.8050    0.7084
   -0.0485   -0.7121
    0.8446   -0.7205
    1.3334   -0.3756


corners_world =

    1.4282    0.0900
    1.5062    0.6955
   -0.7615    0.6933
   -0.0476   -0.7114
    0.8432   -0.7209
    1.3362   -0.3803


corners_world =

    1.4194    0.0635
    1.5749    0.6927
   -0.7639    0.6929
   -0.0509   -0.7131
    0.8465   -0.7055
    1.3361   -0.3610


corners_world =

    1.4191    0.0646
    1.5749    0.6927
   -0.7639    0.6929
   -0.0495   -0.7125
    0.8490   -0.7025
    1.3278   -0.3572


corners_world =

    1.4134    0.0512
    1.6150    0.6946
   -0.8050    0.7080
   -0.0504   -0.7144
    0.8480   -0.7037
    1.3378   -0.3560


corners_world =

    1.4135    0.0543
    1.5256    0.6940
   -0.8019    0.7073
   -0.0545   -0.7151
    0.8480   -0.7111
    1.3359   -0.3687


corners_world =

    1.6131    0.6990
   -0.7592    0.6936
   -0.0519   -0.7138
    0.8235   -0.7201
    1.3360   -0.3645


corners_world =

    1.4087    0.0519
    1.5262    0.6927
   -0.7596    0.6932
   -0.0505   -0.7139
    0.8235   -0.7205
    1.3354   -0.3667


corners_world =

    1.4352    0.0795
    1.5264    0.6923
   -0.8076    0.7100
   -0.0553   -0.7151
    0.8467   -0.7131
    1.3404   -0.3704


corners_world =

    1.4256    0.0669
    1.5736    0.6957
   -0.7777    0.6977
   -0.0591   -0.7163
    0.8488   -0.7156
    1.3404   -0.3739


corners_world =

    1.4354    0.0799
    1.5270    0.6916
   -0.8091    0.7082
   -0.0499   -0.7142
    0.8496   -0.7018
    1.3321   -0.3540


corners_world =

    1.4371    0.0761
    1.5456    0.6929
   -0.7865    0.7025
   -0.0590   -0.7158
    0.8454   -0.7143
    1.3405   -0.3747


corners_world =

    1.4422    0.0795
    1.5270    0.6911
   -0.7582    0.6916
   -0.0622   -0.7346
    0.8467   -0.7186
    1.3340   -0.3748


corners_world =

    1.4317    0.0743
    1.6181    0.6876
   -0.8043    0.7087
   -0.0469   -0.7107
    0.8475   -0.7176
    1.3335   -0.3739


corners_world =

    1.4195    0.0577
    1.5774    0.6872
   -0.7627    0.6934
   -0.0472   -0.7106
    0.8531   -0.6972
    1.3330   -0.3765


corners_world =

    1.4185    0.0585
    1.5780    0.6859
   -0.7584    0.6936
   -0.0519   -0.7131
    0.8267   -0.7215
    1.3357   -0.3631


corners_world =

    1.4367    0.0757
    1.5834    0.6734
   -0.8039    0.7087
   -0.0529   -0.7135
    0.8246   -0.7193
    1.3321   -0.3602


corners_world =

    1.4194    0.0604
    1.5771    0.6881
   -0.7701    0.6948
   -0.0594   -0.7185
    0.8514   -0.6934
    1.3379   -0.3767


corners_world =

    1.6172    0.6899
   -0.7975    0.7065
   -0.0566   -0.7162
    0.8455   -0.7143
    1.3401   -0.3753


corners_world =

    1.4375    0.0762
    1.5376    0.6889
   -0.7757    0.6960
   -0.0470   -0.7104
    0.8524   -0.6985
    1.3317   -0.3792


corners_world =

    1.4369    0.0722
    1.5464    0.6913
   -0.7791    0.6960
   -0.0592   -0.7168
    0.8468   -0.7181
    1.3433   -0.3770


corners_world =

    1.4191    0.0562
    1.5164    0.6933
   -0.7640    0.6923
   -0.0618   -0.7311
    0.8468   -0.7185
    1.3322   -0.3786


corners_world =

    1.4549    0.0831
    1.5257    0.6936
   -0.7651    0.6918
   -0.0562   -0.7147
    0.8471   -0.7109
    1.3358   -0.3666


corners_world =

    1.4198    0.0578
    1.5777    0.6868
   -0.7731    0.6955
   -0.0572   -0.7172
    0.8465   -0.7131
    1.3397   -0.3724


corners_world =

    1.4249    0.0681
    1.5560    0.6915
   -0.7911    0.7032
   -0.0541   -0.7149
    0.8234   -0.7189
    1.3364   -0.3636


corners_world =

    1.4368    0.0754
    1.5453    0.6934
   -0.7979    0.7061
   -0.0562   -0.7152
    0.8469   -0.7130
    1.3363   -0.3687


corners_world =

    1.4250    0.0658
    1.5739    0.6954
   -0.7733    0.6950
   -0.0456   -0.7107
    0.8542   -0.6964
    1.3333   -0.3769


corners_world =

    1.4254    0.0693
    1.5548    0.6941
   -0.8037    0.7089
   -0.0504   -0.7132
    0.8493   -0.7024
    1.3376   -0.3554


corners_world =

    1.4252    0.0685
    1.5394    0.6852
   -0.8003    0.7078
   -0.0508   -0.7134
    0.8506   -0.7012
    1.3425   -0.3846


corners_world =

    1.4307    0.0723
    1.5465    0.6914
   -0.7939    0.7045
   -0.0524   -0.7140
    0.8491   -0.7026
    1.3576   -0.3909


corners_world =

    1.4550    0.0827
    1.5262    0.6933
   -0.7590    0.6935
   -0.0479   -0.7111
    0.8529   -0.6980
    1.3325   -0.3798


corners_world =

    1.4150    0.0565
    1.5235    0.6991
   -0.7648    0.6919
   -0.0584   -0.7186
    0.8458   -0.7144
    1.3356   -0.3716


corners_world =

    1.6171    0.6904
   -0.7618    0.6930
   -0.0573   -0.7151
    0.8217   -0.7217
    1.3356   -0.3657


corners_world =

    1.4326    0.0756
    1.6174    0.6895
   -0.7583    0.6921
   -0.0614   -0.7311
    0.8516   -0.6945
    1.3338   -0.3734


corners_world =

    1.4260    0.0686
    1.5721    0.6998
   -0.7572    0.6922
   -0.0600   -0.7265
    0.8518   -0.6931
    1.3341   -0.3759


corners_world =

    1.4311    0.0720
    1.5374    0.6898
   -0.8123    0.7142
   -0.0499   -0.7127
    0.8488   -0.7031
    1.3576   -0.3913


corners_world =

    1.4371    0.0758
    1.5442    0.6959
   -0.8080    0.7092
   -0.0501   -0.7127
    0.8509   -0.7005
    1.3369   -0.3818


corners_world =

    1.4152    0.0581
    1.5781    0.6860
   -0.7605    0.6911
   -0.0473   -0.7121
    0.8536   -0.6977
    1.3334   -0.3768


corners_world =

    1.4247    0.0585
    1.5783    0.6856
   -0.8080    0.7092
   -0.0544   -0.7139
    0.8232   -0.7186
    1.3322   -0.3616


corners_world =

    1.4376    0.0767
    1.6175    0.6896
   -0.8016    0.7067
   -0.0516   -0.7131
    0.8235   -0.7197
    1.3325   -0.3625


corners_world =

    1.4140    0.0569
    1.5857    0.6919
   -0.7637    0.6932
   -0.0590   -0.7173
    0.8520   -0.6933
    1.3382   -0.3746


corners_world =

    1.4196    0.0606
    1.5767    0.6895
   -0.7784    0.6973
   -0.0549   -0.7151
    0.8230   -0.7207
    1.3327   -0.3645


corners_world =

    1.4251    0.0663
    1.5649    0.6945
   -0.7857    0.7004
   -0.0550   -0.7141
    0.8230   -0.7207
    1.3335   -0.3615


corners_world =

    1.4369    0.0770
    1.5359    0.6927
   -0.7578    0.6932
   -0.0493   -0.7117
    0.8508   -0.7011
    1.3636   -0.3921


corners_world =

    1.4246    0.0616
    1.5765    0.6899
   -0.7720    0.6950
   -0.0597   -0.7189
    0.8469   -0.7183
    1.3401   -0.3763


corners_world =

    1.4321    0.0729
    1.5460    0.6922
   -0.8036    0.7088
   -0.0508   -0.7144
    0.8286   -0.7208
    1.3366   -0.3608


corners_world =

    1.4147    0.0534
    1.5172    0.6923
   -0.7634    0.6926
   -0.0474   -0.7104
    0.8531   -0.6980
    1.3323   -0.3780


corners_world =

    1.4321    0.0725
    1.5470    0.6906
   -0.7870    0.7019
   -0.0559   -0.7165
    0.8479   -0.7124
    1.3369   -0.3691


corners_world =

    1.4313    0.0701
    1.5552    0.6938
   -0.7769    0.6975
   -0.0455   -0.7102
    0.8459   -0.7198
    1.3322   -0.3787


corners_world =

    1.4362    0.0708
    1.5720    0.7003
   -0.7815    0.6997
   -0.0541   -0.7141
    0.8219   -0.7197
    1.3314   -0.3609


corners_world =

    1.6174    0.6901
   -0.8075    0.7096
   -0.0475   -0.7126
    0.8516   -0.7002
    1.3427   -0.3821


corners_world =

    1.4361    0.0786
    1.5276    0.6905
   -0.7615    0.6928
   -0.0594   -0.7170
    0.8481   -0.7169
    1.3411   -0.3757


corners_world =

    1.4360    0.0810
    1.5259    0.6937
   -0.7701    0.6930
   -0.0568   -0.7164
    0.8449   -0.7153
    1.3337   -0.3733


corners_world =

    1.4318    0.0745
    1.5447    0.6952
   -0.7625    0.6925
   -0.0574   -0.7186
    0.8516   -0.6889
    1.3362   -0.3720


corners_world =

    1.4330    0.0765
    1.5371    0.6908
   -0.8073    0.7098
   -0.0489   -0.7128
    0.8511   -0.7005
    1.3326   -0.3792


corners_world =

    1.4257    0.0683
    1.4800    0.6924
   -0.7804    0.6980
   -0.0615   -0.7328
    0.8544   -0.6965
    1.3422   -0.3792


corners_world =

    1.4195    0.0607
    1.5771    0.6887
   -0.7662    0.6917
   -0.0477   -0.7126
    0.8513   -0.7002
    1.3423   -0.3835


corners_world =

    1.4321    0.0757
    1.6180    0.6888
   -0.8013    0.7068
   -0.0522   -0.7138
    0.8262   -0.7198
    1.3373   -0.3593


corners_world =

    1.4196    0.0591
    1.5775    0.6879
   -0.7632    0.6931
   -0.0459   -0.7104
    0.8457   -0.7195
    1.3347   -0.3766


corners_world =

    1.4138    0.0531
    1.5254    0.6956
   -0.8046    0.7079
   -0.0514   -0.7131
    0.8255   -0.7187
    1.3370   -0.3616


corners_world =

    1.4310    0.0717
    1.5722    0.6999
   -0.7856    0.6999
   -0.0551   -0.7153
    0.8477   -0.7113
    1.3367   -0.3685


corners_world =

    1.4253    0.0668
    1.5747    0.6944
   -0.7686    0.6923
   -0.0597   -0.7332
    0.8461   -0.7198
    1.3379   -0.3791


corners_world =

    1.4195    0.0630
    1.5766    0.6901
   -0.7669    0.6931
   -0.0453   -0.7107
    0.8520   -0.6999
    1.3524   -0.3892


corners_world =

    1.6136    0.6990
   -0.7635    0.6916
   -0.0487   -0.7113
    0.8491   -0.7030
    1.3292   -0.3571


corners_world =

    1.4317    0.0745
    1.5381    0.6888
   -0.8018    0.7065
   -0.0549   -0.7141
    0.8483   -0.7110
    1.3362   -0.3695


corners_world =

    1.4199    0.0650
    1.5578    0.6894
   -0.7719    0.6934
   -0.0457   -0.7110
    0.8514   -0.6955
    1.3333   -0.3770


corners_world =

    1.4151    0.0551
    1.5251    0.6964
   -0.7605    0.6945
   -0.0501   -0.7132
    0.8491   -0.7034
    1.3330   -0.3573


corners_world =

    0.1734    0.6749
   -0.7747    0.6944
   -0.0572   -0.7161
    0.8466   -0.7134
    1.3366   -0.3681


corners_world =

    1.4196    0.0538
    1.5791    0.6845
   -0.7620    0.6929
   -0.0590   -0.7172
    0.8474   -0.7176
    1.3413   -0.3729


corners_world =

    1.6156    0.6946
   -0.7614    0.6927
   -0.0603   -0.7179
    0.8535   -0.6922
    1.3447   -0.3762


corners_world =

    1.5798    0.6828
   -0.7668    0.6916
   -0.0576   -0.7171
    0.8470   -0.7129
    1.3406   -0.3735


corners_world =

    1.4197    0.0592
    1.5767    0.6901
   -0.7758    0.6966
   -0.0556   -0.7145
    0.8476   -0.7123
    1.3367   -0.3661


corners_world =

    1.4310    0.0687
    1.5576    0.6899
   -0.7944    0.7043
   -0.0525   -0.7140
    0.8232   -0.7197
    1.3324   -0.3618


corners_world =

    1.4254    0.0661
    1.5569    0.6921
   -0.8002    0.7071
   -0.0505   -0.7141
    0.8506   -0.7013
    1.3340   -0.3540


corners_world =

    1.4202    0.0650
    1.5750    0.6940
   -0.7904    0.7027
   -0.0522   -0.7140
    0.8492   -0.7030
    1.3325   -0.3575


corners_world =

    1.4318    0.0734
    1.6184    0.6880
   -0.7998    0.7075
   -0.0510   -0.7138
    0.8487   -0.7036
    1.3334   -0.3562


corners_world =

    1.6156    0.6946
   -0.8070    0.7100
   -0.0468   -0.7119
    0.8535   -0.6979
    1.3333   -0.3784


corners_world =

    1.4322    0.0758
    1.6171    0.6911
   -0.7590    0.6920
   -0.0594   -0.7202
    0.8528   -0.6919
    1.3423   -0.3711


corners_world =

    1.4311    0.0730
    1.5556    0.6941
   -0.8007    0.7072
   -0.0473   -0.7108
    0.8544   -0.6971
    1.3341   -0.3767


corners_world =

    1.4314    0.0687
    1.5395    0.6859
   -0.8041    0.7082
   -0.0467   -0.7104
    0.8531   -0.6979
    1.3378   -0.3781


corners_world =

    1.4254    0.0673
    1.5649    0.6952
   -0.8026    0.7096
   -0.0488   -0.7135
    0.8514   -0.7008
    1.3371   -0.3850


corners_world =

    1.4319    0.0731
    1.5445    0.6962
   -0.7582    0.6910
   -0.0479   -0.7126
    0.8499   -0.7022
    1.3640   -0.3919


corners_world =

    1.5782    0.6868
   -0.7656    0.6920
   -0.0470   -0.7109
    0.8533   -0.6981
    1.3327   -0.3798


corners_world =

    1.4202    0.0624
    1.5756    0.6928
   -0.7793    0.6959
   -0.0558   -0.7160
    0.8486   -0.7105
    1.3367   -0.3644


corners_world =

    1.4325    0.0758
    1.5459    0.6938
   -0.7917    0.7030
   -0.0529   -0.7142
    0.8254   -0.7195
    1.3362   -0.3615


corners_world =

    1.4268    0.0709
    1.5554    0.6945
   -0.7738    0.6952
   -0.0602   -0.7196
    0.8475   -0.7187
    1.3342   -0.3755


corners_world =

    1.4428    0.0807
    1.6157    0.6947
   -0.7593    0.6927
   -0.0472   -0.7108
    0.8522   -0.6991
    1.3366   -0.3797


corners_world =

    1.6161    0.6938
   -0.7572    0.6920
   -0.0446   -0.7108
    0.8480   -0.7175
    1.3412   -0.3747


corners_world =

    1.4254    0.0587
    1.5777    0.6881
   -0.7690    0.6916
   -0.0575   -0.7158
    0.8457   -0.7143
    1.3368   -0.3691


corners_world =

    1.4261    0.0697
    1.5401    0.6847
   -0.7988    0.7082
   -0.0523   -0.7140
    0.8241   -0.7203
    1.3320   -0.3631


corners_world =

    1.4256    0.0662
    1.5728    0.6993
   -0.8046    0.7075
   -0.0480   -0.7123
    0.8519   -0.7003
    1.3382   -0.3817


corners_world =

    1.4269    0.0705
    1.5558    0.6937
   -0.8039    0.7084
   -0.0499   -0.7139
    0.8498   -0.7024
    1.3577   -0.3924


corners_world =

    1.4299    0.0800
    1.5263    0.6941
   -0.7591    0.6914
   -0.0482   -0.7128
    0.8502   -0.7020
    1.3481   -0.3853


corners_world =

    1.4255    0.0689
    1.5656    0.6940
   -0.7775    0.6966
   -0.0575   -0.7186
    0.8486   -0.7164
    1.3412   -0.3738


corners_world =

    1.4199    0.0655
    1.5749    0.6946
   -0.7631    0.6917
   -0.0480   -0.7125
    0.8522   -0.7000
    1.3487   -0.3842


corners_world =

    1.4256    0.0662
    1.5751    0.6941
   -0.7670    0.6933
   -0.0461   -0.7104
    0.8522   -0.7000
    1.3583   -0.3906


corners_world =

    1.4201    0.0659
    1.5736    0.6976
   -0.7922    0.7024
   -0.0486   -0.7132
    0.8505   -0.7021
    1.3340   -0.3546


corners_world =

    1.4252    0.0588
    1.5781    0.6873
   -0.7773    0.6972
   -0.0502   -0.7141
    0.8505   -0.7021
    1.3341   -0.3554


corners_world =

    1.5782    0.6873
   -0.7743    0.6953
   -0.0534   -0.7147
    0.8235   -0.7188
    1.3369   -0.3632


corners_world =

    1.4554    0.0863
    1.5171    0.6934
   -0.7711    0.6940
   -0.0556   -0.7152
    0.8499   -0.7098
    1.3371   -0.3664


corners_world =

    1.4252    0.0646
    1.5750    0.6946
   -0.7781    0.6967
   -0.0552   -0.7163
    0.8476   -0.7122
    1.3376   -0.3684


corners_world =

    1.4205    0.0644
    1.5765    0.6912
   -0.7646    0.6919
   -0.0485   -0.7132
    0.8498   -0.7026
    1.3375   -0.3602


corners_world =

    1.4259    0.0678
    1.5727    0.6998
   -0.7978    0.7054
   -0.0513   -0.7141
    0.8492   -0.7041
    1.3376   -0.3571


corners_world =

    1.4197    0.0605
    1.5763    0.6916
   -0.7891    0.7043
   -0.0509   -0.7138
    0.8507   -0.7019
    1.3531   -0.3890


corners_world =

    1.4199    0.0617
    1.5756    0.6933
   -0.7782    0.6958
   -0.0555   -0.7152
    0.8235   -0.7196
    1.3331   -0.3621


corners_world =

    1.4368    0.0738
    1.5462    0.6935
   -0.8004    0.7066
   -0.0497   -0.7134
    0.8509   -0.7016
    1.3593   -0.3884


corners_world =

    1.4318    0.0701
    1.5551    0.6950
   -0.7584    0.6923
   -0.0592   -0.7169
    0.8528   -0.6923
    1.3453   -0.3753


corners_world =

    1.4250    0.0654
    1.5750    0.6946
   -0.8004    0.7073
   -0.0468   -0.7124
    0.8527   -0.6999
    1.3416   -0.3849


corners_world =

    1.4202    0.0606
    1.5763    0.6916
   -0.7919    0.7022
   -0.0499   -0.7139
    0.8495   -0.7039
    1.3328   -0.3569


corners_world =

    1.5777    0.6886
   -0.7795    0.6992
   -0.0539   -0.7156
    0.8504   -0.7090
    1.3368   -0.3639


corners_world =

    1.4376    0.0751
    1.5378    0.6903
   -0.7739    0.6946
   -0.0447   -0.7097
    0.8544   -0.6974
    1.3340   -0.3768


corners_world =

    1.4302    0.0813
    1.5268    0.6934
   -0.8134    0.7125
   -0.0484   -0.7123
    0.8514   -0.7008
    1.3426   -0.3851


corners_world =

    1.4204    0.0637
    1.5762    0.6921
   -0.7744    0.6951
   -0.0572   -0.7174
    0.8474   -0.7130
    1.3419   -0.3731


corners_world =

    1.4206    0.0649
    1.5745    0.6960
   -0.7915    0.7022
   -0.0507   -0.7131
    0.8315   -0.7220
    1.3372   -0.3588


corners_world =

    1.4266    0.0702
    1.5566    0.6931
   -0.7990    0.7077
   -0.0498   -0.7142
    0.8499   -0.7026
    1.3334   -0.3566


corners_world =

    1.4432    0.0833
    1.5811    0.6809
   -0.7583    0.6916
   -0.0475   -0.7126
    0.8515   -0.7011
    1.3433   -0.3829


corners_world =

    1.5768    0.6908
   -0.7836    0.7002
   -0.0548   -0.7160
    0.8486   -0.7120
    1.3411   -0.3720


corners_world =

    1.4196    0.0598
    1.5768    0.6908
   -0.7847    0.7004
   -0.0539   -0.7138
    0.8262   -0.7189
    1.3371   -0.3611


corners_world =

    1.5779    0.6883
   -0.7731    0.6950
   -0.0547   -0.7165
    0.8241   -0.7206
    1.3369   -0.3638


corners_world =

    1.4210    0.0677
    1.5739    0.6973
   -0.7776    0.6967
   -0.0544   -0.7163
    0.8233   -0.7207
    1.3367   -0.3657


corners_world =

    1.4426    0.0809
    1.5824    0.6779
   -0.8009    0.7070
   -0.0503   -0.7136
    0.8540   -0.7036
    1.3583   -0.3915


corners_world =

    1.4319    0.0701
    1.5568    0.6922
   -0.7744    0.6946
   -0.0553   -0.7155
    0.8475   -0.7134
    1.3461   -0.3722


corners_world =

    1.4258    0.0675
    1.5745    0.6960
   -0.7907    0.7034
   -0.0471   -0.7131
    0.8525   -0.6999
    1.3429   -0.3835


corners_world =

    1.4258    0.0667
    1.5491    0.6873
   -0.8012    0.7062
   -0.0488   -0.7130
    0.8506   -0.7023
    1.3336   -0.3543


corners_world =

    1.4252    0.0636
    1.5759    0.6930
   -0.7937    0.7045
   -0.0511   -0.7141
    0.8512   -0.7016
    1.3333   -0.3554


corners_world =

    1.4207    0.0595
    1.5772    0.6900
   -0.7846    0.6992
   -0.0515   -0.7128
    0.8265   -0.7187
    1.3334   -0.3608


corners_world =

    1.4203    0.0638
    1.5751    0.6948
   -0.7820    0.6984
   -0.0550   -0.7150
    0.8217   -0.7196
    1.3327   -0.3626


corners_world =

    1.4269    0.0711
    1.5471    0.6915
   -0.8012    0.7065
   -0.0514   -0.7138
    0.8522   -0.7059
    1.3378   -0.3581


corners_world =

    1.4318    0.0729
    1.5555    0.6947
   -0.7980    0.7053
   -0.0492   -0.7139
    0.8522   -0.7004
    1.3377   -0.3808


corners_world =

    1.5776    0.6892
   -0.7642    0.6913
   -0.0443   -0.7108
    0.8533   -0.6986
    1.3381   -0.3786


corners_world =

    1.4151    0.0555
    1.6139    0.6998
   -0.8095    0.7115
   -0.0504   -0.7141
    0.8277   -0.7193
    1.3337   -0.3601


corners_world =

    1.4329    0.0769
    1.5456    0.6948
   -0.7870    0.7018
   -0.0538   -0.7146
    0.8237   -0.7193
    1.3372   -0.3661


corners_world =

    1.4195    0.0603
    1.5791    0.6858
   -0.7996    0.7079
   -0.0557   -0.7175
    0.8541   -0.6918
    1.3402   -0.3760


corners_world =

    1.4322    0.0710
    1.5574    0.6910
   -0.7700    0.6930
   -0.0475   -0.7123
    0.8496   -0.7032
    1.3325   -0.3597


corners_world =

    1.4323    0.0741
    1.5553    0.6946
   -0.7812    0.6989
   -0.0572   -0.7188
    0.8526   -0.6944
    1.3379   -0.3796


corners_world =

    1.4259    0.0687
    1.5647    0.6968
   -0.7878    0.7013
   -0.0568   -0.7159
    0.8481   -0.7181
    1.3434   -0.3776


corners_world =

    1.4205    0.0603
    1.5765    0.6918
   -0.7698    0.6932
   -0.0472   -0.7111
    0.8525   -0.7001
    1.3426   -0.3849


corners_world =

    1.4366    0.0795
    1.5361    0.6946
   -0.8006    0.7072
   -0.0535   -0.7141
    0.8257   -0.7194
    1.3375   -0.3615


corners_world =

    1.4208    0.0646
    1.5758    0.6935
   -0.7686    0.6941
   -0.0436   -0.7105
    0.8494   -0.7168
    1.3409   -0.3745


corners_world =

    1.4559    0.0841
    1.5266    0.6944
   -0.8041    0.7076
   -0.0505   -0.7141
    0.8274   -0.7185
    1.3334   -0.3576


corners_world =

    1.4197    0.0615
    1.5767    0.6914
   -0.7716    0.6953
   -0.0559   -0.7152
    0.8477   -0.7118
    1.3383   -0.3679


corners_world =

    1.4264    0.0680
    1.5665    0.6936
   -0.7802    0.6980
   -0.0514   -0.7140
    0.8516   -0.7064
    1.3378   -0.3603


corners_world =

    1.5799    0.6841
   -0.7585    0.6922
   -0.0472   -0.7121
    0.8516   -0.7009
    1.3590   -0.3896


corners_world =

    1.4374    0.0792
    1.5375    0.6923
   -0.8041    0.7076
   -0.0512   -0.7140
    0.8240   -0.7206
    1.3375   -0.3653


corners_world =

    1.4200    0.0608
    1.5773    0.6902
   -0.7701    0.6939
   -0.0563   -0.7164
    0.8469   -0.7142
    1.3349   -0.3728


corners_world =

    1.4386    0.0796
    1.5369    0.6930
   -0.8041    0.7076
   -0.0508   -0.7138
    0.8278   -0.7204
    1.3335   -0.3603


corners_world =

    1.5786    0.6872
   -0.7675    0.6923
   -0.0581   -0.7190
    0.8477   -0.7184
    1.3454   -0.3765


corners_world =

    1.5790    0.6863
   -0.7733    0.6956
   -0.0534   -0.7151
    0.8487   -0.7110
    1.3379   -0.3642


corners_world =

    1.4329    0.0746
    1.5453    0.6963
   -0.8083    0.7077
   -0.0610   -0.7346
    0.8530   -0.6877
    1.3370   -0.3675


corners_world =

    1.4363    0.0811
    1.5273    0.6937
   -0.7568    0.6918
   -0.0481   -0.7117
    0.8530   -0.6988
    1.3329   -0.3793


corners_world =

    1.4380    0.0741
    1.5459    0.6951
   -0.8007    0.7069
   -0.0451   -0.7112
    0.8479   -0.7182
    1.3463   -0.3740


corners_world =

    1.6178    0.6912
    0.2626    0.9029
   -0.0212    0.0369
   -0.1604   -0.0893
    0.1567   -1.1188
    0.9196   -1.7327
    1.0373   -0.5102
    0.0449   -0.0016


corners_world =

    1.6172    0.6925
   -0.7631    0.6922
   -0.0562   -0.7159
    0.8488   -0.7117
    1.3378   -0.3646


corners_world =

    1.4149    0.0529
    1.5256    0.6970
   -0.7648    0.6911
   -0.0452   -0.7109
    0.8504   -0.7214
    1.3397   -0.3765


corners_world =

    1.4433    0.0827
    1.5267    0.6945
   -0.7633    0.6924
   -0.0582   -0.7190
    0.8471   -0.7138
    1.3381   -0.3693


corners_world =

    1.4376    0.0777
    1.6173    0.6925
   -0.7564    0.6918
   -0.0461   -0.7104
    0.8484   -0.7177
    1.3461   -0.3731


corners_world =

    1.4320    0.0738
    1.5465    0.6938
   -0.8093    0.7114
   -0.0459   -0.7104
    0.8474   -0.7192
    1.3444   -0.3766


corners_world =

    1.4370    0.0788
    1.5828    0.6778
   -0.8095    0.7112
   -0.0463   -0.7109
    0.8533   -0.6990
    1.3387   -0.3785


corners_world =

    1.4379    0.0773
    1.5374    0.6923
   -0.8078    0.7081
   -0.0450   -0.7110
    0.8488   -0.7172
    1.3456   -0.3769


corners_world =

    1.4432    0.0811
    1.5821    0.6795
   -0.7577    0.6933
   -0.0469   -0.7113
    0.8548   -0.6971
    1.3400   -0.3765


corners_world =

    1.4210    0.0652
    1.5767    0.6920
   -0.7736    0.6948
   -0.0576   -0.7173
    0.8469   -0.7144
    1.3386   -0.3714


corners_world =

    1.4258    0.0642
    1.5765    0.6924
   -0.7629    0.6917
   -0.0494   -0.7129
    0.8501   -0.7029
    1.3308   -0.3552


corners_world =

    1.4201    0.0624
    1.5772    0.6907
   -0.7715    0.6956
   -0.0461   -0.7104
    0.8514   -0.7013
    1.3305   -0.3547


corners_world =

    1.4321    0.0692
    1.5558    0.6960
   -0.8082    0.7077
   -0.0488   -0.7139
    0.8514   -0.7067
    1.3379   -0.3598


corners_world =

    1.4383    0.0754
    1.5460    0.6946
   -0.8061    0.7101
   -0.0489   -0.7144
    0.8509   -0.7024
    1.3482   -0.3871


corners_world =

    1.4561    0.0835
    1.5262    0.6958
   -0.7575    0.6917
   -0.0461   -0.7121
    0.8545   -0.6979
    1.3344   -0.3772


corners_world =

    1.4319    0.0735
    1.5562    0.6932
   -0.7746    0.6961
   -0.0572   -0.7166
    0.8488   -0.7123
    1.3383   -0.3708


corners_world =

    1.4259    0.0631
    1.5767    0.6920
   -0.7599    0.6908
   -0.0466   -0.7106
    0.8540   -0.6986
    1.3393   -0.3774


corners_world =

    1.4302    0.0863
    1.5251    0.6983
   -0.7608    0.6932
   -0.0461   -0.7121
    0.8523   -0.7007
    1.3337   -0.3563


corners_world =

    1.4155    0.0538
    1.5799    0.6847
   -0.7687    0.6915
   -0.0540   -0.7153
    0.8500   -0.7101
    1.3381   -0.3641


corners_world =

    1.4268    0.0713
    1.5557    0.6944
   -0.7599    0.6923
   -0.0556   -0.7164
    0.8492   -0.7118
    1.3414   -0.3701


corners_world =

    1.4297    0.0910
    1.4991    0.6938
   -0.7874    0.7010
   -0.0499   -0.7134
    0.8513   -0.7019
    1.3385   -0.3823


corners_world =

    1.4268    0.0670
    1.4891    0.6941
   -0.7900    0.7033
   -0.0526   -0.7137
    0.8240   -0.7190
    1.3332   -0.3631


corners_world =

    1.4385    0.0786
    1.6177    0.6918
   -0.8100    0.7105
   -0.0503   -0.7136
    0.8504   -0.7034
    1.3310   -0.3532


corners_world =

    1.4382    0.0750
    1.5714    0.7041
   -0.7568    0.6923
   -0.0440   -0.7108
    0.8486   -0.7176
    1.3345   -0.3744


corners_world =

    1.4274    0.0702
    1.5474    0.6918
   -0.7984    0.7073
   -0.0494   -0.7129
    0.8529   -0.6996
    1.3380   -0.3797


corners_world =

    1.4313    0.0825
    1.5271    0.6942
   -0.7557    0.6924
   -0.0470   -0.7118
    0.8535   -0.6993
    1.3423   -0.3853


corners_world =

    1.4334    0.0764
    1.5458    0.6946
   -0.7809    0.6980
   -0.0561   -0.7164
    0.8466   -0.7143
    1.3389   -0.3709


corners_world =

    1.4151    0.0549
    1.5788    0.6874
   -0.7798    0.6966
   -0.0534   -0.7151
    0.8230   -0.7213
    1.3380   -0.3667


corners_world =

    1.4213    0.0618
    1.5762    0.6934
   -0.7800    0.6971
   -0.0559   -0.7162
    0.8489   -0.7111
    1.3378   -0.3655


corners_world =

    1.4146    0.0538
    1.5256    0.6975
   -0.7581    0.6927
   -0.0498   -0.7136
    0.8505   -0.7026
    1.3354   -0.3543


corners_world =

    1.4267    0.0694
    1.5739    0.6985
   -0.7794    0.6982
   -0.0540   -0.7155
    0.8493   -0.7106
    1.3368   -0.3691


corners_world =

    1.4440    0.0801
    1.6174    0.6927
   -0.8039    0.7075
   -0.0470   -0.7128
    0.8530   -0.7000
    1.3435   -0.3832


corners_world =

    1.4324    0.0771
    1.5375    0.6924
   -0.7991    0.7079
   -0.0513   -0.7140
    0.8248   -0.7204
    1.3375   -0.3650


corners_world =

    1.4563    0.0836
    1.5258    0.6971
   -0.7661    0.6908
   -0.0571   -0.7155
    0.8478   -0.7187
    1.3450   -0.3761


corners_world =

    1.4154    0.0538
    1.5261    0.6958
   -0.7629    0.6918
   -0.0590   -0.7194
    0.8554   -0.6907
    1.3372   -0.3716


corners_world =

    1.4322    0.0709
    1.5562    0.6942
   -0.7818    0.6980
   -0.0564   -0.7164
    0.8473   -0.7139
    1.3429   -0.3708


corners_world =

    1.4206    0.0633
    1.5770    0.6917
   -0.7586    0.6920
   -0.0463   -0.7118
    0.8544   -0.6983
    1.3384   -0.3805


corners_world =

    1.4389    0.0775
    1.6184    0.6905
   -0.7950    0.7035
   -0.0501   -0.7141
    0.8519   -0.7064
    1.3344   -0.3583


corners_world =

    1.4329    0.0721
    1.5736    0.6994
   -0.7794    0.6977
   -0.0559   -0.7161
    0.8557   -0.6908
    1.3461   -0.3760


corners_world =

    1.4430    0.0801
    1.6175    0.6927
   -0.7571    0.6914
   -0.0451   -0.7104
    0.8541   -0.6984
    1.3434   -0.3803


corners_world =

    1.4320    0.0717
    1.5555    0.6960
   -0.7608    0.6933
   -0.0572   -0.7173
    0.8548   -0.6920
    1.3354   -0.3737


corners_world =

    1.4265    0.0664
    1.5574    0.6917
   -0.8031    0.7079
   -0.0465   -0.7128
    0.8522   -0.7011
    1.3391   -0.3819


corners_world =

    1.4268    0.0703
    1.5402    0.6866
   -0.8014    0.7057
   -0.0489   -0.7144
    0.8514   -0.7020
    1.3493   -0.3844


corners_world =

    1.4331    0.0741
    1.5537    0.6993
   -0.8044    0.7072
   -0.0469   -0.7133
    0.8516   -0.7014
    1.3388   -0.3818


corners_world =

    1.4394    0.0748
    1.5466    0.6945
   -0.8085    0.7119
   -0.0459   -0.7106
    0.8483   -0.7182
    1.3352   -0.3764


corners_world =

    1.4374    0.0783
    1.6177    0.6923
   -0.8057    0.7098
   -0.0467   -0.7111
    0.8539   -0.6986
    1.3388   -0.3782


corners_world =

    1.4211    0.0580
    1.5791    0.6870
   -0.7629    0.6921
   -0.0580   -0.7180
    0.8546   -0.6922
    1.3457   -0.3770


corners_world =

    1.4327    0.0737
    1.5553    0.6964
   -0.7908    0.7021
   -0.0520   -0.7149
    0.8249   -0.7183
    1.3375   -0.3625


corners_world =

    1.5805    0.6840
   -0.7612    0.6910
   -0.0441   -0.7107
    0.8557   -0.6965
    1.3381   -0.3780


corners_world =

    1.4328    0.0726
    1.5468    0.6941
   -0.8092    0.7110
   -0.0483   -0.7132
    0.8490   -0.7046
    1.3341   -0.3569


corners_world =

    1.4325    0.0733
    1.5560    0.6957
   -0.7797    0.6977
   -0.0564   -0.7163
    0.8476   -0.7140
    1.3420   -0.3727


corners_world =

    1.4266    0.0668
    1.5756    0.6952
   -0.7686    0.6939
   -0.0440   -0.7105
    0.8510   -0.7209
    1.3392   -0.3779


corners_world =

    1.4326    0.0710
    1.5567    0.6935
   -0.7907    0.7025
   -0.0469   -0.7133
    0.8513   -0.7018
    1.3305   -0.3532


corners_world =

    1.4390    0.0792
    1.5835    0.6772
   -0.8064    0.7093
   -0.0485   -0.7139
    0.8521   -0.7064
    1.3386   -0.3585


corners_world =

    1.4393    0.0776
    1.6185    0.6906
   -0.8081    0.7073
   -0.0454   -0.7111
    0.8523   -0.7011
    1.3440   -0.3832


corners_world =

    1.4326    0.0714
    1.5478    0.6920
   -0.7907    0.7021
   -0.0540   -0.7143
    0.8244   -0.7193
    1.3377   -0.3649


corners_world =

    1.4265    0.0692
    1.5733    0.7004
   -0.7933    0.7037
   -0.0498   -0.7136
    0.8533   -0.6995
    1.3437   -0.3834


corners_world =

    1.4210    0.0639
    1.5768    0.6927
   -0.7744    0.6945
   -0.0508   -0.7140
    0.8514   -0.7022
    1.3539   -0.3876


corners_world =

    1.4326    0.0718
    1.5734    0.7004
   -0.7890    0.7029
   -0.0508   -0.7138
    0.8299   -0.7205
    1.3345   -0.3577


corners_world =

    1.4159    0.0532
    1.5265    0.6961
   -0.7603    0.6933
   -0.0438   -0.7107
    0.8543   -0.6983
    1.3438   -0.3803


corners_world =

    1.5792    0.6871
   -0.7815    0.7004
   -0.0536   -0.7143
    0.8507   -0.7098
    1.3373   -0.3682


corners_world =

    1.4205    0.0635
    1.5764    0.6936
   -0.7897    0.7024
   -0.0510   -0.7143
    0.8503   -0.7106
    1.3378   -0.3664


corners_world =

    1.4328    0.0738
    1.5548    0.6973
   -0.7991    0.7072
   -0.0517   -0.7134
    0.8522   -0.7063
    1.3377   -0.3605


corners_world =

    1.4335    0.0754
    1.5389    0.6901
   -0.8029    0.7079
   -0.0457   -0.7116
    0.8553   -0.6975
    1.3361   -0.3757


corners_world =

    1.4336    0.0727
    1.5562    0.6948
   -0.7931    0.7039
   -0.0521   -0.7132
    0.8513   -0.7091
    1.3379   -0.3652


corners_world =

    1.4265    0.0653
    1.5757    0.6953
   -0.7824    0.7001
   -0.0543   -0.7163
    0.8476   -0.7138
    1.3382   -0.3680


corners_world =

    1.5778    0.6906
   -0.7637    0.6921
   -0.0566   -0.7191
    0.8476   -0.7138
    1.3371   -0.3701


corners_world =

    1.4566    0.0846
    1.5349    0.6989
   -0.8004    0.7065
   -0.0519   -0.7137
    0.8276   -0.7184
    1.3297   -0.3583


corners_world =

    1.4266    0.0681
    1.5751    0.6966
   -0.7768    0.6959
   -0.0526   -0.7151
    0.8508   -0.7105
    1.3380   -0.3688


corners_world =

    1.4268    0.0696
    1.5408    0.6859
   -0.7910    0.7020
   -0.0487   -0.7132
    0.8527   -0.7008
    1.3598   -0.3892


corners_world =

    1.4336    0.0743
    1.5717    0.7044
   -0.8093    0.7107
   -0.0462   -0.7108
    0.8544   -0.6987
    1.3435   -0.3837


corners_world =

    1.5799    0.6859
   -0.7648    0.6912
   -0.0432   -0.7105
    0.8550   -0.6980
    1.3352   -0.3773


corners_world =

    1.4211    0.0639
    1.5767    0.6932
   -0.7805    0.6992
   -0.0533   -0.7151
    0.8500   -0.7110
    1.3376   -0.3678


corners_world =

    1.4267    0.0669
    1.5578    0.6925
   -0.7936    0.7043
   -0.0506   -0.7138
    0.8529   -0.7060
    1.3379   -0.3601


corners_world =

    1.4263    0.0657
    1.5755    0.6958
   -0.7897    0.7024
   -0.0506   -0.7140
    0.8493   -0.7045
    1.3307   -0.3558


corners_world =

    1.4278    0.0705
    1.5731    0.7014
   -0.8010    0.7058
   -0.0489   -0.7139
    0.8522   -0.7018
    1.3308   -0.3546


corners_world =

    1.6190    0.6899
   -0.8059    0.7097
   -0.0482   -0.7134
    0.8520   -0.7013
    1.3433   -0.3855


corners_world =

    1.4217    0.0683
    1.5748    0.6975
   -0.7651    0.6912
   -0.0447   -0.7104
    0.8485   -0.7188
    1.3359   -0.3748


corners_world =

    1.4326    0.0711
    1.5727    0.7023
   -0.7926    0.7039
   -0.0494   -0.7139
    0.8495   -0.7047
    1.3344   -0.3587


corners_world =

    1.4215    0.0570
    1.5088    0.6950
   -0.7801    0.6977
   -0.0490   -0.7144
    0.8517   -0.7021
    1.3345   -0.3544


corners_world =

    1.4372    0.0875
    1.5795    0.6868
   -0.7789    0.6982
   -0.0518   -0.7149
    0.8519   -0.7097
    1.3377   -0.3666


corners_world =

    1.4440    0.0792
    1.5827    0.6795
   -0.7625    0.6922
   -0.0576   -0.7185
    0.8484   -0.7135
    1.3384   -0.3688


corners_world =

    1.5790    0.6881
   -0.7641    0.6918
   -0.0439   -0.7105
    0.8485   -0.7183
    1.3464   -0.3773


corners_world =

    1.4330    0.0739
    1.5472    0.6939
   -0.7900    0.7023
   -0.0540   -0.7153
    0.8247   -0.7211
    1.3382   -0.3620


corners_world =

    1.4217    0.0582
    1.5876    0.6909
   -0.7591    0.6910
   -0.0463   -0.7118
    0.8540   -0.6989
    1.3387   -0.3790


corners_world =

    1.4215    0.0582
    1.5871    0.6922
   -0.7651    0.6904
   -0.0543   -0.7152
    0.8492   -0.7110
    1.3390   -0.3630


corners_world =

    1.4395    0.0790
    1.6275    0.6951
   -0.7930    0.7034
   -0.0515   -0.7142
    0.8253   -0.7205
    1.3338   -0.3639


corners_world =

    1.4333    0.0740
    1.5476    0.6931
   -0.7843    0.6996
   -0.0552   -0.7162
    0.8477   -0.7140
    1.3433   -0.3740


corners_world =

    1.4212    0.0644
    1.5771    0.6925
   -0.7706    0.6935
   -0.0579   -0.7187
    0.8488   -0.7185
    1.3400   -0.3774


corners_world =

    1.5766    0.6938
   -0.7624    0.6918


corners_world =

    1.4213    0.0633
    1.5751    0.6972
   -0.8056    0.7095
   -0.0436   -0.7110
    0.8487   -0.7124
    1.3390   -0.3641


corners_world =

    1.4372    0.0801
    1.5290    0.6913
   -0.7577    0.6932
   -0.0559   -0.7159
    0.8244   -0.7196
    1.3381   -0.3616


corners_world =

    1.4305    0.0891
    1.5787    0.6891
   -0.7581    0.6917
   -0.0445   -0.7104
    0.8483   -0.7188
    1.3462   -0.3740


corners_world =

    1.4387    0.0766
    1.5636    0.7008
   -0.7865    0.7016
   -0.0512   -0.7135
    0.8250   -0.7182
    1.3339   -0.3612


corners_world =

    1.4394    0.0778
    1.6184    0.6918
   -0.7583    0.6907
   -0.0584   -0.7277
    0.8526   -0.6949
    1.3361   -0.3739


corners_world =

    1.4209    0.0629
    1.5770    0.6929
   -0.7986    0.7072
   -0.0446   -0.7117
    0.8483   -0.7188
    1.3361   -0.3758


corners_world =

    1.4305    0.0895
    1.5776    0.6917
   -0.7833    0.6999
   -0.0517   -0.7134
    0.8522   -0.7071
    1.3382   -0.3607


corners_world =

    1.4165    0.0546
    1.5184    0.6935
   -0.7713    0.6949
   -0.0540   -0.7150
    0.8250   -0.7209
    1.3382   -0.3627


corners_world =

    0.0037    0.0031
   -0.7820    0.6979
   -0.0555   -0.7171
    0.8476   -0.7142
    1.3391   -0.3696


corners_world =

    0.9283    0.1618
    0.0147    0.0416
   -0.0122    0.0414
   -0.0381    0.0134
    0.4428   -0.8304
    0.0450   -0.0105


corners_world =

    1.4430    0.0808
    1.6173    0.6945
   -0.7616    0.6915
   -0.0435   -0.7105
    0.8546   -0.6984
    1.3354   -0.3756


corners_world =

    1.4396    0.0795
    1.6180    0.6927
   -0.7599    0.6926
   -0.0573   -0.7298
    0.8553   -0.6920
    1.3417   -0.3754


corners_world =

    1.4389    0.0739
    1.5389    0.6908
   -0.8006    0.7059
   -0.0468   -0.7120
    0.8556   -0.6972
    1.3410   -0.3752


corners_world =

    1.4312    0.0876
    1.5340    0.7016
   -0.8085    0.7113
   -0.0454   -0.7114
    0.8556   -0.6972
    1.3401   -0.3785


corners_world =

    1.4222    0.0692
    1.5750    0.6977
   -0.7747    0.6945
   -0.0537   -0.7148
    0.8249   -0.7203
    1.3386   -0.3651


corners_world =

    1.4310    0.0864
    1.5260    0.6980
   -0.7584    0.6912
   -0.0456   -0.7111
    0.8539   -0.6997
    1.3438   -0.3846


corners_world =

    1.4159    0.0592
    1.5008    0.6924
   -0.7816    0.6980
   -0.0513   -0.7142
    0.8251   -0.7208
    1.3391   -0.3633


corners_world =

    1.5790    0.6887
   -0.7894    0.7027
   -0.0494   -0.7136
    0.8256   -0.7181
    1.3334   -0.3633


corners_world =

    1.4335    0.0737
    1.6192    0.6901
   -0.7617    0.6924
   -0.0544   -0.7165
    0.8489   -0.7128
    1.3389   -0.3659


corners_world =

    1.4223    0.0681
    1.5750    0.6977
   -0.7919    0.7040
   -0.0485   -0.7144
    0.8532   -0.7002
    1.3381   -0.3810


corners_world =

    1.6164    0.6967
   -0.8064    0.7087
   -0.0496   -0.7141
    0.8503   -0.7037
    1.3308   -0.3540


corners_world =

    1.4273    0.0687
    1.5754    0.6969
   -0.7780    0.6974
   -0.0552   -0.7151
    0.8501   -0.7118
    1.3390   -0.3706


corners_world =

    1.4272    0.0707
    1.5737    0.7008
   -0.7926    0.7035
   -0.0472   -0.7135
    0.8530   -0.7012
    1.3350   -0.3516


corners_world =

    1.3670    0.0494
    1.6191    0.6906
    0.8042    1.5038
   -0.0714    0.3502
   -0.0318    0.0270
   -0.1605   -0.1196
   -0.0464   -0.7130
    0.0207   -0.0400
    0.0372   -0.0267
    1.3047   -0.3167


corners_world =

    1.4570    0.0845
    1.6168    0.6959
   -0.7602    0.6933
   -0.0572   -0.7280
    0.8533   -0.7184
    1.3430   -0.3757


corners_world =

    1.4220    0.0696
    1.5743    0.6995
   -0.7785    0.6979
   -0.0531   -0.7166
    0.8568   -0.6892
    1.3397   -0.3688


corners_world =

    1.4334    0.0710
    1.5743    0.6995
   -0.7727    0.6954
   -0.0429   -0.7108
    0.8546   -0.6986
    1.3443   -0.3823


corners_world =

    1.4570    0.0841
    1.5273    0.6956
   -0.7598    0.6903
   -0.0427   -0.7113
    0.8542   -0.6991
    1.3456   -0.3815


corners_world =

    1.4220    0.0588
    1.5792    0.6884
   -0.7690    0.6940
   -0.0540   -0.7162
    0.8484   -0.7134
    1.3384   -0.3700


corners_world =

    1.4175    0.0602
    1.4995    0.6943
   -0.7811    0.6980
   -0.0537   -0.7153
    0.8251   -0.7210
    1.3394   -0.3636


corners_world =

    1.5798    0.6871
   -0.7645    0.6915
   -0.0561   -0.7158
    0.8516   -0.7089
    1.3351   -0.3632


corners_world =

    1.4388    0.0752
    1.5478    0.6928
   -0.7815    0.6979
   -0.0537   -0.7153
    0.8244   -0.7207
    1.3386   -0.3646


corners_world =

    1.4569    0.0877
    1.5265    0.6968
   -0.7555    0.6920
   -0.0450   -0.7109
    0.8562   -0.6967
    1.3392   -0.3785


corners_world =

    1.4217    0.0615
    1.5783    0.6905
   -0.7804    0.6965
   -0.0503   -0.7143
    0.8253   -0.7204
    1.3395   -0.3652


corners_world =

    1.4305    0.0892
    1.5871    0.6929
   -0.7706    0.6954
   -0.0524   -0.7141
    0.8264   -0.7181
    1.3347   -0.3600


corners_world =

    1.4571    0.0845
    1.5271    0.6960
   -0.7579    0.6923
   -0.0473   -0.7140
    0.8315   -0.7218
    1.3342   -0.3618


corners_world =

    1.4338    0.0746
    1.5391    0.6909
   -0.7961    0.7055
   -0.0528   -0.7146
    0.8512   -0.7106
    1.3377   -0.3701


corners_world =

    1.4445    0.0822
    1.6169    0.6960
   -0.7607    0.6918
   -0.0430   -0.7113
    0.8555   -0.6976
    1.3440   -0.3802


corners_world =

    1.5789    0.6893
   -0.7627    0.6918
   -0.0433   -0.7107
    0.8506   -0.7167
    1.3468   -0.3738


corners_world =

    1.4335    0.0722
    1.5570    0.6949
   -0.7961    0.7051
   -0.0508   -0.7142
    0.8264   -0.7196
    1.3360   -0.3603


corners_world =

    1.4272    0.0680
    1.5746    0.6992
   -0.7910    0.7045
   -0.0466   -0.7133
    0.8546   -0.6992
    1.3451   -0.3824


corners_world =

    1.4272    0.0692
    1.5662    0.6959
   -0.7883    0.7029
   -0.0480   -0.7144
    0.8521   -0.7018
    1.3604   -0.3892


corners_world =

    1.4214    0.0635
    1.5765    0.6949
   -0.7893    0.7026
   -0.0499   -0.7138
    0.8529   -0.7013
    1.3356   -0.3539


corners_world =

    1.4165    0.0548
    1.5262    0.6982
   -0.7623    0.6918
   -0.0540   -0.7152
    0.8264   -0.7196
    1.3390   -0.3607


corners_world =

    1.4210    0.0616
    1.5791    0.6889
   -0.7685    0.6940
   -0.0541   -0.7152
    0.8510   -0.7110
    1.3387   -0.3657


corners_world =

    1.4271    0.0669
    1.5755    0.6971
   -0.7895    0.7023
   -0.0501   -0.7133
    0.8275   -0.7177
    1.3350   -0.3603


corners_world =

    1.4268    0.0618
    1.5782    0.6911
   -0.7921    0.7043
   -0.0470   -0.7122
    0.8523   -0.7015
    1.3310   -0.3530


corners_world =

    1.4268    0.0665
    1.5756    0.6971
   -0.7889    0.7022
   -0.0522   -0.7134
    0.8250   -0.7187
    1.3339   -0.3624


corners_world =

    1.4333    0.0730
    1.5475    0.6937
   -0.8062    0.7086
   -0.0481   -0.7139
    0.8520   -0.7020
    1.3346   -0.3559


corners_world =

    1.4158    0.0548
    1.5266    0.6974
   -0.7565    0.6907
   -0.0456   -0.7138
    0.8545   -0.6994
    1.3393   -0.3803


corners_world =

    1.4222    0.0581
    1.5797    0.6876
   -0.7636    0.6918
   -0.0558   -0.7176
    0.8506   -0.7114
    1.3395   -0.3678


corners_world =

    1.5784    0.6907
   -0.7651    0.6928
   -0.0547   -0.7159
    0.8491   -0.7117
    1.3390   -0.3649


corners_world =

    1.4269    0.0657
    1.5760    0.6962
   -0.7830    0.6990
   -0.0502   -0.7138
    0.8281   -0.7186
    1.3390   -0.3590


corners_world =

    1.4268    0.0638
    1.5775    0.6928
   -0.7789    0.6976
   -0.0488   -0.7131
    0.8340   -0.7205
    1.3356   -0.3554


corners_world =

    1.4344    0.0774
    1.5384    0.6927
   -0.7996    0.7067
   -0.0492   -0.7136
    0.8517   -0.7028
    1.3346   -0.3574


corners_world =

    1.5783    0.6911
   -0.7712    0.6949
   -0.0566   -0.7280
    0.8562   -0.6965
    1.3365   -0.3748


corners_world =

    1.4282    0.0713
    1.5577    0.6932
   -0.7922    0.7037
   -0.0513   -0.7134
    0.8277   -0.7190
    1.3344   -0.3601


corners_world =

    1.4227    0.0605
    1.5012    0.6917
   -0.7649    0.6911
   -0.0451   -0.7119
    0.8538   -0.7003
    1.3448   -0.3834


corners_world =

    1.4270    0.0584
    1.5871    0.6935
   -0.7740    0.6940
   -0.0530   -0.7153
    0.8521   -0.7082
    1.3399   -0.3619


corners_world =

    1.4158    0.0572
    1.5875    0.6931
   -0.7753    0.6963
   -0.0530   -0.7153
    0.8517   -0.7099
    1.3387   -0.3651


corners_world =

    1.4282    0.0713
    1.5577    0.6932
   -0.7753    0.6967
   -0.0540   -0.7155
    0.8508   -0.7114
    1.3392   -0.3653


corners_world =

    1.4218    0.0644
    1.5779    0.6920
   -0.7587    0.6908
   -0.0442   -0.7109
    0.8558   -0.6975
    1.3442   -0.3820


corners_world =

    1.4224    0.0679
    1.5762    0.6959
   -0.7598    0.6922
   -0.0461   -0.7133
    0.8529   -0.7018
    1.3397   -0.3568


corners_world =

    1.4336    0.0739
    1.5561    0.6961
   -0.7993    0.7068
   -0.0453   -0.7128
    0.8533   -0.7006
    1.3342   -0.3534


corners_world =

    1.4276    0.0701
    1.5741    0.7006
   -0.8029    0.7077
   -0.0449   -0.7104
    0.8564   -0.6968
    1.3348   -0.3766


corners_world =

    1.4218    0.0656
    1.5764    0.6955
   -0.7984    0.7064
   -0.0459   -0.7131
    0.8535   -0.7003
    1.3442   -0.3855


corners_world =

    1.5791    0.6895
   -0.7861    0.7006
   -0.0494   -0.7136
    0.8551   -0.7043
    1.3350   -0.3571


corners_world =

    1.4395    0.0778
    1.5379    0.6940
   -0.7618    0.6922
   -0.0555   -0.7186
    0.8501   -0.7119
    1.3389   -0.3667


corners_world =

    1.4271    0.0592
    1.5795    0.6886
   -0.7599    0.6924
   -0.0449   -0.7126
    0.8556   -0.6978
    1.3405   -0.3769


corners_world =

    1.4393    0.0727
    1.5736    0.7019
   -0.7897    0.7026
   -0.0524   -0.7148
    0.8248   -0.7195
    1.3356   -0.3619


corners_world =

    1.4277    0.0678
    1.5749    0.6989
   -0.7901    0.7022
   -0.0468   -0.7132
    0.8545   -0.6995
    1.3446   -0.3808


corners_world =

    1.4220    0.0621
    1.5784    0.6912
   -0.7764    0.6957
   -0.0484   -0.7131
    0.8519   -0.7028
    1.3406   -0.3558


corners_world =

    1.4446    0.0757
    1.4721    0.6954
   -0.8013    0.7086
   -0.0472   -0.7130
    0.8538   -0.7008
    1.3359   -0.3549


corners_world =

    1.4314    0.0922
    1.5780    0.6921
   -0.7724    0.6938
   -0.0566   -0.7187
    0.8493   -0.7183
    1.3366   -0.3742


corners_world =

    1.4219    0.0652
    1.4906    0.6948
   -0.7910    0.7018
   -0.0480   -0.7141
    0.8532   -0.7062
    1.3350   -0.3593


corners_world =

    1.4575    0.0840
    1.5188    0.6939
   -0.7681    0.6933
   -0.0522   -0.7153
    0.8538   -0.7067
    1.3351   -0.3582


corners_world =

    1.4445    0.0836
    1.6167    0.6971
   -0.7597    0.6922
   -0.0433   -0.7110
    0.8559   -0.6916
    1.3434   -0.3734


corners_world =

    1.4348    0.0737
    1.5399    0.6899
   -0.7771    0.6964
   -0.0565   -0.7180
    0.8482   -0.7142
    1.3447   -0.3706


corners_world =

    1.4273    0.0675
    1.5767    0.6951
   -0.7644    0.6915
   -0.0433   -0.7112
    0.8560   -0.6975
    1.3402   -0.3783


corners_world =

    0.0039    0.0017
   -0.8019    0.7083
   -0.0497   -0.7140
    0.8274   -0.7188
    1.3352   -0.3636


corners_world =

    1.5960    0.6979
   -0.7694    0.6933
   -0.0557   -0.7176
    0.8490   -0.7136
    1.3430   -0.3740


corners_world =

    1.4400    0.0799
    1.6183    0.6936
   -0.7958    0.7053
   -0.0494   -0.7128
    0.8256   -0.7187
    1.3390   -0.3611


corners_world =

    1.4387    0.0751
    1.5563    0.6968
   -0.7804    0.6982
   -0.0548   -0.7174
    0.8508   -0.7163
    1.3475   -0.3756


corners_world =

    1.4217    0.0649
    1.5767    0.6952
   -0.7623    0.6911
   -0.0441   -0.7104
    0.8568   -0.6969
    1.3359   -0.3759


corners_world =

    1.5818    0.6836
   -0.8070    0.7074
   -0.0467   -0.7132
    0.8539   -0.7008
    1.3313   -0.3540


corners_world =

    1.4276    0.0675
    1.5764    0.6960
   -0.7585    0.6900
   -0.0483   -0.7141
    0.8271   -0.7193
    1.3439   -0.3632


corners_world =

    1.5790    0.6900
   -0.7677    0.6937
   -0.0583   -0.7329
    0.8559   -0.6977
    1.3446   -0.3839


corners_world =

    1.4576    0.0844
    1.5276    0.6959
   -0.7559    0.6903
   -0.0484   -0.7129
    0.8581   -0.6822
    1.3350   -0.3588


corners_world =

    1.6187    0.6928
   -0.8024    0.7077
   -0.0515   -0.7151
    0.8507   -0.7114
    1.3386   -0.3704


corners_world =

    1.4389    0.0834
    1.5362    0.6983
   -0.7905    0.7022
   -0.0547   -0.7189
    0.8505   -0.7171
    1.3441   -0.3739


corners_world =

    1.4223    0.0650
    1.5003    0.6944
   -0.8082    0.7112
   -0.0525   -0.7161
    0.8498   -0.7121
    1.3399   -0.3703


corners_world =

    1.4275    0.0656
    1.5686    0.6921
   -0.7611    0.6916
   -0.0450   -0.7131
    0.8602   -0.6792
    1.3354   -0.3546


corners_world =

    1.4451    0.0759
    1.5398    0.6904
   -0.7982    0.7071
   -0.0455   -0.7126
    0.8542   -0.7002
    1.3354   -0.3554


corners_world =

    1.4284    0.0691
    1.5743    0.7008
   -0.8007    0.7054
   -0.0438   -0.7104
    0.8557   -0.6979
    1.3406   -0.3756


corners_world =

    1.4161    0.0589
    1.5794    0.6892
   -0.7781    0.6981
   -0.0487   -0.7138
    0.8529   -0.7018
    1.3604   -0.3907


corners_world =

    1.4576    0.0845
    1.5273    0.6968
   -0.7611    0.6916
   -0.0535   -0.7167
    0.8253   -0.7211
    1.3395   -0.3643


corners_world =

    1.4277    0.0680
    1.5766    0.6957
   -0.7781    0.6977
   -0.0547   -0.7171
    0.8502   -0.7124
    1.3389   -0.3696


corners_world =

    1.4575    0.0873
    1.5267    0.6981
   -0.7586    0.6898
   -0.0446   -0.7134
    0.8526   -0.7018
    1.3364   -0.3521


corners_world =

    1.6188    0.6928
   -0.8025    0.7070
   -0.0498   -0.7128
    0.8514   -0.7095
    1.3388   -0.3672


corners_world =

    1.4278    0.0660
    1.5759    0.6974
   -0.7822    0.6983
   -0.0551   -0.7176
    0.8587   -0.6940
    1.3478   -0.3740


corners_world =

    0.0039    0.0000
    0.9266    0.5349
    0.2001    0.6776
   -0.0084    0.0416
   -0.7978    0.7067
   -0.1558    0.0301
   -0.1597   -0.0905
    0.5852   -1.6022
    0.6834   -0.0241


corners_world =

    1.4224    0.0642
    1.5782    0.6923
   -0.8075    0.7067
   -0.0494   -0.7130
    0.8277   -0.7184
    1.3351   -0.3599


corners_world =

    1.4346    0.0769
    1.6285    0.6949
   -0.7997    0.7057
   -0.0484   -0.7136
    0.8264   -0.7192
    1.3393   -0.3634


corners_world =

    1.4272    0.0637
    1.5767    0.6957
   -0.7835    0.6995
   -0.0525   -0.7155
    0.8515   -0.7110
    1.3394   -0.3650


corners_world =

    1.4324    0.0796
    1.5453    0.6990
   -0.8025    0.7074
   -0.0490   -0.7141
    0.8316   -0.7197
    1.3399   -0.3596


corners_world =

    1.4272    0.0594
    1.5878    0.6934
   -0.7672    0.6910
   -0.0569   -0.7385
    0.8554   -0.6917
    1.3432   -0.3731


corners_world =

    1.4225    0.0588
    1.5884    0.6921
   -0.7659    0.6921
   -0.0542   -0.7159
    0.8521   -0.7099
    1.3395   -0.3638


corners_world =

    1.4275    0.0645
    1.5767    0.6957
   -0.7778    0.6975
   -0.0520   -0.7148
    0.8255   -0.7199
    1.3359   -0.3620


corners_world =

    1.4288    0.0692
    1.5590    0.6925
   -0.7864    0.7010
   -0.0498   -0.7147
    0.8552   -0.7043
    1.3392   -0.3582


corners_world =

    1.5797    0.6889
   -0.7759    0.6951
   -0.0479   -0.7131
    0.8521   -0.7025
    1.3366   -0.3525


corners_world =

    1.4323    0.0823
    1.5369    0.6972
   -0.7580    0.6919
   -0.0541   -0.7177
    0.8510   -0.7113
    1.3386   -0.3663


corners_world =

    1.5350    0.7014
   -0.7645    0.6906
   -0.0544   -0.7189
    0.8561   -0.6910
    1.3441   -0.3709


corners_world =

    1.5797    0.6889
   -0.7692    0.6932
   -0.0536   -0.7165
    0.8514   -0.7108
    1.3394   -0.3680


corners_world =

    1.4274    0.0606
    1.5786    0.6915
   -0.7874    0.6999
   -0.0481   -0.7134
    0.8288   -0.7184
    1.3392   -0.3613


corners_world =

    1.4228    0.0593
    1.5796    0.6893
   -0.7809    0.6999
   -0.0513   -0.7151
    0.8252   -0.7199
    1.3354   -0.3622


corners_world =

    1.4281    0.0692
    1.5659    0.6981
   -0.7866    0.7011
   -0.0518   -0.7166
    0.8255   -0.7202
    1.3389   -0.3644


corners_world =

    1.4228    0.0597
    1.5805    0.6872
   -0.7589    0.6934
   -0.0469   -0.7132
    0.8547   -0.6998
    1.3451   -0.3850


corners_world =

    1.4319    0.0870
    1.5267    0.6986
   -0.7992    0.7061
   -0.0510   -0.7139
    0.8249   -0.7165
    1.3365   -0.3609


corners_world =

    1.4398    0.0761
    1.5555    0.6986
   -0.7886    0.7025
   -0.0510   -0.7139
    0.8532   -0.7083
    1.3402   -0.3627


corners_world =

    1.4288    0.0709
    1.5579    0.6940
   -0.8013    0.7079
   -0.0435   -0.7107
    0.8570   -0.6966
    1.3414   -0.3772


corners_world =

    1.4404    0.0781
    1.5470    0.6963
   -0.8084    0.7103
   -0.0453   -0.7116
    0.8559   -0.6984
    1.3451   -0.3833


corners_world =

    1.4384    0.0827
    1.5288    0.6946
   -0.7561    0.6913
   -0.0429   -0.7105
    0.8576   -0.6956
    1.3369   -0.3747


corners_world =

    1.4273    0.0611
    1.5792    0.6902
   -0.7721    0.6947
   -0.0536   -0.7177
    0.8573   -0.6899
    1.3410   -0.3703


corners_world =

    1.4276    0.0654
    1.5766    0.6963
   -0.7833    0.6998
   -0.0492   -0.7145
    0.8276   -0.7195
    1.3355   -0.3610


corners_world =

    1.4225    0.0663
    1.5766    0.6963
   -0.7905    0.7015
   -0.0493   -0.7135
    0.8314   -0.7193
    1.3353   -0.3571


corners_world =

    1.4335    0.0731
    1.5736    0.7031
   -0.7963    0.7043
   -0.0484   -0.7136
    0.8337   -0.7205
    1.3363   -0.3554


corners_world =

    1.4403    0.0770
    1.6283    0.6960
   -0.8067    0.7072
   -0.0451   -0.7126
    0.8567   -0.6979
    1.3401   -0.3799


corners_world =

    1.4276    0.0666
    1.5772    0.6950
   -0.7631    0.6909
   -0.0423   -0.7115
    0.8560   -0.6980
    1.3364   -0.3757


corners_world =

    1.4404    0.0793
    1.5849    0.6774
   -0.7987    0.7065
   -0.0487   -0.7136
    0.8537   -0.7012
    1.3360   -0.3545


corners_world =

    1.4118    0.0547
    1.5283    0.6954
   -0.8092    0.7094
   -0.0430   -0.7105
    0.8515   -0.7167
    1.3442   -0.3739


corners_world =

    1.4283    0.0682
    1.5766    0.6963
   -0.7743    0.6952
   -0.0523   -0.7153
    0.8512   -0.7101
    1.3398   -0.3664


corners_world =

    1.5808    0.6869
   -0.7599    0.6918
   -0.0432   -0.7107
    0.8549   -0.6998
    1.3613   -0.3887


corners_world =

    1.4579    0.0847
    1.6175    0.6966
   -0.7554    0.6911
   -0.0465   -0.7132
    0.8287   -0.7188
    1.3356   -0.3618


corners_world =

    1.5847    0.6778
   -0.7978    0.7064
   -0.0509   -0.7146
    0.8505   -0.7121
    1.3399   -0.3688


corners_world =

    1.4169    0.0541
    1.5205    0.6914
    0.4029    0.5624
   -0.7929    0.7040
   -0.0537   -0.7162
    0.8567   -0.6904
    1.3374   -0.3716


corners_world =

    1.4227    0.0602
    1.5882    0.6932
   -0.7569    0.6917
   -0.0503   -0.7144
    0.8509   -0.7117
    1.3397   -0.3660


corners_world =

    1.4384    0.0812
    1.6184    0.6944
   -0.7985    0.7063
   -0.0492   -0.7135
    0.8281   -0.7187
    1.3365   -0.3608


corners_world =

    1.4229    0.0606
    1.5793    0.6903
   -0.7716    0.6936
   -0.0536   -0.7169
    0.8536   -0.7139
    1.3397   -0.3707


corners_world =

    1.4389    0.0821
    1.6179    0.6957
   -0.7955    0.7052
   -0.0501   -0.7134
    0.8270   -0.7196
    1.3356   -0.3613


corners_world =

    1.6181    0.6953
   -0.7957    0.7049
   -0.0512   -0.7146
    0.8509   -0.7113
    1.3409   -0.3694


corners_world =

    1.4170    0.0538
    1.5285    0.6950
   -0.7957    0.7049
   -0.0519   -0.7161
    0.8511   -0.7114
    1.3444   -0.3708


corners_world =

    1.5814    0.6856
   -0.7558    0.6903
   -0.0474   -0.7136
    0.8523   -0.7096
    1.3397   -0.3651


corners_world =

    1.4406    0.0794
    1.5538    0.7030
   -0.8047    0.7090
   -0.0466   -0.7145
    0.8282   -0.7186
    1.3361   -0.3603


corners_world =

    1.4221    0.0641
    1.5775    0.6947
   -0.7753    0.6958
   -0.0532   -0.7160
    0.8492   -0.7141
    1.3437   -0.3725


corners_world =

    1.4579    0.0875
    1.5813    0.6861
   -0.7595    0.6906
   -0.0463   -0.7130
    0.8527   -0.7025
    1.3355   -0.3562


corners_world =

    1.4275    0.0655
    1.5771    0.6955
   -0.7781    0.6971
   -0.0535   -0.7174
    0.8506   -0.7109
    1.3403   -0.3660


corners_world =

    1.4344    0.0740
    1.5481    0.6943
   -0.7877    0.7029
   -0.0497   -0.7142
    0.8292   -0.7179
    1.3363   -0.3568


corners_world =

    1.4277    0.0663
    1.5773    0.6951
   -0.7613    0.6916
   -0.0418   -0.7108
    0.8562   -0.6979
    1.3406   -0.3771


corners_world =

    1.4391    0.0837
    1.5282    0.6959
   -0.8081    0.7104
   -0.0463   -0.7130
    0.8543   -0.7007
    1.3363   -0.3540


corners_world =

    1.4396    0.0794
    1.6195    0.6923
   -0.7553    0.6911
   -0.0539   -0.7199
    0.8505   -0.7123
    1.3447   -0.3719


corners_world =

    1.4277    0.0671
    1.5762    0.6977
   -0.7988    0.7062
   -0.0416   -0.7108
    0.8583   -0.6950
    1.3436   -0.3748


corners_world =

    1.6202    0.6905
   -0.8022    0.7072
   -0.0481   -0.7141
    0.8532   -0.7020
    1.3363   -0.3559


corners_world =

    1.4163    0.0534
    1.5277    0.6972
   -0.7620    0.6911
   -0.0554   -0.7266
    0.8562   -0.6917
    1.3432   -0.3746


corners_world =

    1.4174    0.0570
    1.5981    0.6940
   -0.7588    0.6924
   -0.0447   -0.7133
    0.8534   -0.7014
    1.3370   -0.3534


corners_world =

    1.4290    0.0726
    1.5578    0.6962
   -0.7884    0.7024
   -0.0505   -0.7157
    0.8532   -0.7095
    1.3402   -0.3640


corners_world =

    1.4392    0.0826
    1.6180    0.6958
   -0.8064    0.7074
   -0.0454   -0.7128
    0.8559   -0.6984
    1.3454   -0.3824


corners_world =

    1.4323    0.0857
    1.5273    0.6980
   -0.7558    0.6904
   -0.0410   -0.7108
    0.8520   -0.7159
    1.3490   -0.3715


corners_world =

    1.4278    0.0613
    1.5084    0.6983
   -0.7803    0.6983
   -0.0483   -0.7148
    0.8291   -0.7188
    1.3398   -0.3596


corners_world =

    1.4223    0.0614
    1.5787    0.6922
   -0.7818    0.6997
   -0.0502   -0.7144
    0.8270   -0.7198
    1.3398   -0.3627


corners_world =

    1.4291    0.0719
    1.5743    0.7021
   -0.7891    0.7019
   -0.0505   -0.7137
    0.8525   -0.7100
    1.3396   -0.3622


corners_world =

    1.4353    0.0780
    1.5482    0.6949
   -0.8042    0.7094
   -0.0449   -0.7143
    0.8552   -0.6997
    1.3404   -0.3828


corners_world =

    1.5273    0.6981
   -0.7560    0.6909
   -0.0431   -0.7114
    0.8565   -0.6973
    1.3424   -0.3748


corners_world =

    1.5812    0.6866
   -0.7620    0.6914
   -0.0534   -0.7159
    0.8516   -0.7107
    1.3404   -0.3683


corners_world =

    1.4408    0.0791
    1.6196    0.6924
   -0.7931    0.7031
   -0.0506   -0.7134
    0.8533   -0.7094
    1.3405   -0.3632


corners_world =

    1.4289    0.0715
    1.5668    0.6977
   -0.7737    0.6944
   -0.0533   -0.7177
    0.8569   -0.6906
    1.3398   -0.3732


corners_world =

    1.4274    0.0613
    1.5797    0.6901
   -0.7578    0.6904
   -0.0437   -0.7121
    0.8566   -0.6980
    1.3462   -0.3801


corners_world =

    1.5820    0.6849
   -0.7563    0.6913
   -0.0461   -0.7132
    0.8551   -0.7046
    1.3362   -0.3589


corners_world =

    1.4221    0.0630
    1.5774    0.6953
   -0.7827    0.6993
   -0.0492   -0.7135
    0.8268   -0.7194
    1.3404   -0.3643


corners_world =

    1.4456    0.0830
    1.6181    0.6959
   -0.7681    0.6935
   -0.0488   -0.7135
    0.8306   -0.7180
    1.3361   -0.3585


corners_world =

    1.4288    0.0684
    1.5744    0.7021
   -0.7567    0.6920
   -0.0418   -0.7113
    0.8495   -0.7187
    1.3434   -0.3734


corners_world =

    1.5812    0.6867
   -0.7703    0.6948
   -0.0501   -0.7149
    0.8557   -0.7043
    1.3364   -0.3546


corners_world =

    1.4228    0.0650
    1.5773    0.6957
   -0.7701    0.6923
   -0.0544   -0.7176
    0.8509   -0.7120
    1.3407   -0.3655


corners_world =

    1.4323    0.0885
    1.5266    0.6998
   -0.7554    0.6908
   -0.0466   -0.7129
    0.8542   -0.7010
    1.3363   -0.3550


corners_world =

    1.4279    0.0672
    1.5765    0.6974
   -0.7744    0.6946
   -0.0510   -0.7146
    0.8266   -0.7204
    1.3411   -0.3621


corners_world =

    1.4229    0.0573
    1.5280    0.6969
   -0.8062    0.7073
   -0.0444   -0.7131
    0.8550   -0.7001
    1.3322   -0.3527


corners_world =

    1.4352    0.0766
    1.5859    0.6759
   -0.7988    0.7063
   -0.0480   -0.7141
    0.8539   -0.7089
    1.3404   -0.3639


corners_world =

    1.4288    0.0712
    1.5758    0.6992
   -0.7811    0.6991
   -0.0537   -0.7189
    0.8521   -0.7165
    1.3428   -0.3775


corners_world =

    1.4279    0.0626
    1.5786    0.6927
   -0.7632    0.6910
   -0.0421   -0.7112
    0.8533   -0.6967
    1.3454   -0.3822


corners_world =

    1.5813    0.6867
   -0.7561    0.6914
   -0.0452   -0.7145
    0.8554   -0.7047
    1.3358   -0.3587


corners_world =

    1.4409    0.0785
    1.5854    0.6773
   -0.8024    0.7067
   -0.0484   -0.7146
    0.8271   -0.7199
    1.3407   -0.3620


corners_world =

    1.4402    0.0788
    1.6195    0.6929
   -0.7557    0.6915
   -0.0411   -0.7113
    0.8506   -0.7179
    1.3378   -0.3745


corners_world =

    1.4410    0.0777
    1.6195    0.6929
   -0.8068    0.7066
   -0.0432   -0.7109
    0.8585   -0.6955
    1.3395   -0.3730


corners_world =

    1.4221    0.0604
    1.5800    0.6898
   -0.7605    0.6921
   -0.0420   -0.7105
    0.8510   -0.7179
    1.3424   -0.3765


corners_world =

    1.5789    0.6923
   -0.7641    0.6900
   -0.0525   -0.7152
    0.8524   -0.7108
    1.3410   -0.3620


corners_world =

    1.4232    0.0686
    1.5772    0.6962
   -0.7785    0.6971
   -0.0491   -0.7142
    0.8277   -0.7181
    1.3398   -0.3605


corners_world =

    1.5783    0.6936
   -0.7773    0.6973
   -0.0486   -0.7135
    0.8536   -0.7019
    1.3403   -0.3548


corners_world =

    1.4278    0.0673
    1.5778    0.6949
   -0.7914    0.7036
   -0.0469   -0.7139
    0.8523   -0.7028
    1.3401   -0.3586


corners_world =

    1.4284    0.0696
    1.5658    0.7009
   -0.7990    0.7060
   -0.0451   -0.7133
    0.8527   -0.7027
    1.3361   -0.3560


corners_world =

    1.4449    0.0815
    1.6190    0.6943
   -0.7594    0.6914
   -0.0440   -0.7121
    0.8565   -0.6980
    1.3458   -0.3838


corners_world =

    1.4343    0.0727
    1.5400    0.6918
   -0.8065    0.7068
   -0.0435   -0.7111
    0.8571   -0.6969
    1.3426   -0.3750


corners_world =

    1.4322    0.0925
    1.5011    0.6946
   -0.7767    0.6971
   -0.0473   -0.7149
    0.8544   -0.6998
    1.3453   -0.3828


corners_world =

    1.4280    0.0650
    1.5780    0.6945
   -0.7734    0.6934
   -0.0527   -0.7160
    0.8272   -0.7199
    1.3407   -0.3595


corners_world =

    1.4226    0.0624
    1.5793    0.6915
   -0.7720    0.6949
   -0.0495   -0.7135
    0.8307   -0.7178
    1.3404   -0.3586


corners_world =

    1.4173    0.0564
    1.5817    0.6860
   -0.7642    0.6901
   -0.0499   -0.7142
    0.8292   -0.7180
    1.3361   -0.3583


corners_world =

    1.6160    0.7014
   -0.7634    0.6913
   -0.0524   -0.7162
    0.8516   -0.7115
    1.3406   -0.3665


corners_world =

    1.4238    0.0698
    1.5586    0.6951
   -0.7776    0.6972
   -0.0526   -0.7162
    0.8525   -0.7107
    1.3414   -0.3647


corners_world =

    1.4281    0.0638
    1.5799    0.6903
   -0.7617    0.6913
   -0.0434   -0.7104
    0.8573   -0.6975
    1.3454   -0.3820


corners_world =

    1.4328    0.0883
    1.5808    0.6881
   -0.7591    0.6890
   -0.0456   -0.7140
    0.8526   -0.7029
    1.3366   -0.3564

