main
%%%%%%%%%%%%%%%%%%%%%%%%%%%%%%%%%%%%%%%%%%%%%%%%%%%%%
%%%%%%%%%%%%%%%%%%% NIEUWE OUTPUT (calibratie) %%%%%%%%%%%%%%%%%%%
%%%%%%%%%%%%%%%%%%%%%%%%%%%%%%%%%%%%%%%%%%%%%%%%%%%%%
Establishing connection to Roomba...
Setting Roomba to Control Mode...
I am alive if you just heard me beep

corners_world =

    1.4247    0.0669
    1.5465    0.6896
   -0.7626    0.6927
   -0.0579   -0.7152
    0.8216   -0.7193
    1.3351   -0.3636


corners_world =

    1.4135    0.0540
    1.5235    0.6973
   -0.7729    0.6948
   -0.0573   -0.7137
    0.8488   -0.7079
    1.3355   -0.3602


corners_world =

    1.4367    0.0765
    1.6165    0.6898
   -0.8094    0.7086
   -0.0464   -0.7110
    0.8524   -0.6914
    1.3361   -0.3697


corners_world =

    1.5824    0.6742
   -0.8106    0.7121
   -0.0479   -0.7106
    0.8534   -0.6964
    1.3347   -0.3756


corners_world =

    1.4314    0.0739
    1.5824    0.6742
   -0.8110    0.7116
   -0.0481   -0.7111
    0.8420   -0.7179
    1.3337   -0.3765


corners_world =

    1.4301    0.0691
    1.5717    0.6988
   -0.8046    0.7087
   -0.0472   -0.7114
    0.8523   -0.6978
    1.3321   -0.3776


corners_world =

    1.4186    0.0596
    1.5755    0.6902
   -0.7856    0.7008
   -0.0522   -0.7143
    0.8493   -0.7019
    1.3363   -0.3827


corners_world =

    1.4126    0.0521
    1.5247    0.6949
   -0.7740    0.6957
   -0.0552   -0.7154
    0.8219   -0.7191
    1.3351   -0.3631


corners_world =

    1.4248    0.0665
    1.5712    0.7001
   -0.7620    0.6926
   -0.0614   -0.7189
    0.8446   -0.7145
    1.3368   -0.3699


corners_world =

    1.4189    0.0643
    1.5563    0.6904
   -0.7590    0.6929
   -0.0559   -0.7146
    0.8495   -0.7064
    1.3322   -0.3565


corners_world =

    1.4245    0.0677
    1.5544    0.6941
   -0.7627    0.6913
   -0.0572   -0.7152
    0.8236   -0.7198
    1.3282   -0.3570


corners_world =

    1.4187    0.0635
    1.5735    0.6949
   -0.7944    0.7048
   -0.0533   -0.7140
    0.8480   -0.7039
    1.3315   -0.3563


corners_world =

    1.4186    0.0593
    1.5752    0.6911
   -0.7823    0.6994
   -0.0549   -0.7146
    0.8457   -0.7059
    1.3312   -0.3585


corners_world =

    1.4187    0.0636
    1.5742    0.6932
   -0.7747    0.6960
   -0.0569   -0.7147
    0.8214   -0.7194
    1.3353   -0.3635


corners_world =

    1.4242    0.0642
    1.5735    0.6950
   -0.7814    0.6978
   -0.0535   -0.7140
    0.8469   -0.7041
    1.3315   -0.3563


corners_world =

    1.4192    0.0582
    1.5850    0.6918
   -0.7775    0.6966
   -0.0537   -0.7140
    0.8480   -0.7031
    1.3280   -0.3549


corners_world =

    1.4238    0.0619
    1.5739    0.6941
   -0.8109    0.7116
   -0.0582   -0.7171
    0.8216   -0.7203
    1.3311   -0.3636


corners_world =

    1.4134    0.0533
    1.5793    0.6817
   -0.7722    0.6942
   -0.0550   -0.7139
    0.8494   -0.7070
    1.3304   -0.3614


corners_world =

    1.4357    0.0789
    1.5255    0.6933
   -0.7653    0.6925
   -0.0597   -0.7158
    0.8453   -0.7134
    1.3360   -0.3696


corners_world =

    1.4137    0.0526
    1.5797    0.6808
   -0.7638    0.6931
   -0.0625   -0.7328
    0.8516   -0.6925
    1.3398   -0.3753


corners_world =

    1.4128    0.0572
    1.5769    0.6873
   -0.7707    0.6940
   -0.0598   -0.7173
    0.8499   -0.6899
    1.3368   -0.3713


corners_world =

    1.4186    0.0605
    1.5758    0.6899
   -0.7806    0.6994
   -0.0580   -0.7149
    0.8220   -0.7210
    1.3349   -0.3661


corners_world =

    1.4360    0.0793
    1.5259    0.6925
   -0.7642    0.6923
   -0.0574   -0.7152
    0.8222   -0.7192
    1.3364   -0.3606


corners_world =

    1.4187    0.0590
    1.5754    0.6907
   -0.7770    0.6955
   -0.0551   -0.7139
    0.8473   -0.7040
    1.3325   -0.3557


corners_world =

    1.4194    0.0555
    1.5779    0.6851
   -0.7765    0.6969
   -0.0519   -0.7131
    0.8502   -0.7006
    1.3365   -0.3783


corners_world =

    1.4190    0.0578
    1.5756    0.6903
   -0.7916    0.7035
   -0.0514   -0.7144
    0.8476   -0.7038
    1.3355   -0.3584


corners_world =

    1.4188    0.0640
    1.5739    0.6942
   -0.7943    0.7047
   -0.0546   -0.7147
    0.8236   -0.7200
    1.3310   -0.3634


corners_world =

    1.4254    0.0671
    1.5715    0.6998
   -0.8014    0.7075
   -0.0533   -0.7140
    0.8462   -0.7054
    1.3315   -0.3577


corners_world =

    1.4366    0.0746
    1.5449    0.6930
   -0.7916    0.7035
   -0.0526   -0.7148
    0.8229   -0.7189
    1.3324   -0.3630


corners_world =

    1.4300    0.0704
    1.5559    0.6918
   -0.7710    0.6943
   -0.0489   -0.7131
    0.8472   -0.7042
    1.3267   -0.3611


corners_world =

    1.4191    0.0629
    1.5753    0.6912
   -0.7738    0.6953
   -0.0460   -0.7107
    0.8532   -0.6971
    1.3363   -0.3817


corners_world =

    0.0014    0.0038
   -0.7632    0.6937
   -0.0456   -0.7105
    0.8474   -0.7169
    1.3400   -0.3761


corners_world =

    1.4359    0.0739
    1.5449    0.6930
   -0.8056    0.7077
   -0.0476   -0.7109
    0.8515   -0.6991
    1.3417   -0.3829


corners_world =

    1.4414    0.0785
    1.5254    0.6938
   -0.7660    0.6917
   -0.0587   -0.7186
    0.8512   -0.6927
    1.3438   -0.3764


corners_world =

    1.4252    0.0686
    1.5546    0.6948
   -0.7587    0.6922
   -0.0467   -0.7104
    0.8464   -0.7181
    1.3394   -0.3783


corners_world =

    1.4130    0.0561
    1.5768    0.6878
   -0.7828    0.6999
   -0.0526   -0.7138
    0.8486   -0.7030
    1.3376   -0.3809


corners_world =

    1.4240    0.0616
    1.5755    0.6908
   -0.7691    0.6922
   -0.0585   -0.7188
    0.8503   -0.6896
    1.3411   -0.3724


corners_world =

    1.6146    0.6949
   -0.7620    0.6930
   -0.0609   -0.7262
    0.8509   -0.6936
    1.3389   -0.3745


corners_world =

    1.4545    0.0828
    1.5793    0.6822
   -0.7756    0.6950
   -0.0512   -0.7141
    0.8485   -0.7032
    1.3278   -0.3547


corners_world =

    1.4287    0.0833
    1.5780    0.6852
   -0.7996    0.7083
   -0.0463   -0.7107
    0.8473   -0.7171
    1.3366   -0.3735


corners_world =

    1.4247    0.0679
    1.5462    0.6916
   -0.7596    0.6934
   -0.0476   -0.7104
    0.8521   -0.6929
    1.3376   -0.3702


corners_world =

    1.4240    0.0628
    1.5750    0.6921
   -0.7850    0.7011
   -0.0535   -0.7140
    0.8481   -0.7033
    1.3625   -0.3940


corners_world =

    1.4242    0.0577
    1.5772    0.6870
   -0.7760    0.6961
   -0.0548   -0.7146
    0.8483   -0.7081
    1.3366   -0.3605


corners_world =

    1.4293    0.0814
    1.5259    0.6930
   -0.7590    0.6926
   -0.0598   -0.7187
    0.8472   -0.7123
    1.3357   -0.3666


corners_world =

    1.4281    0.0899
    1.4974    0.6934
   -0.7953    0.7045
   -0.0467   -0.7112
    0.8462   -0.7181
    1.3407   -0.3722


corners_world =

    1.4417    0.0797
    1.6160    0.6919
   -0.7616    0.6934
   -0.0573   -0.7152
    0.8212   -0.7195
    1.3314   -0.3618


corners_world =

    1.4296    0.0814
    1.5102    0.6869
   -0.7678    0.6910
   -0.0586   -0.7161
    0.8474   -0.7167
    1.3395   -0.3746


corners_world =

    1.4129    0.0527
    1.5249    0.6951
   -0.7644    0.6929
   -0.0597   -0.7185
    0.8457   -0.7141
    1.3360   -0.3713


corners_world =

    1.4358    0.0775
    1.5270    0.6905
   -0.7631    0.6929
   -0.0592   -0.7165
    0.8447   -0.7145
    1.3405   -0.3721


corners_world =

    1.4191    0.0622
    1.5754    0.6913
   -0.7735    0.6947
   -0.0616   -0.7193
    0.8466   -0.7180
    1.3431   -0.3796


corners_world =

    1.4249    0.0668
    1.5648    0.6938
   -0.7928    0.7031
   -0.0534   -0.7137
    0.8488   -0.7080
    1.3362   -0.3592


corners_world =

    1.4241    0.0628
    1.5743    0.6939
   -0.7905    0.7034
   -0.0537   -0.7145
    0.8484   -0.7030
    1.3316   -0.3552


corners_world =

    1.4193    0.0572
    1.5764    0.6892
   -0.7804    0.6990
   -0.0546   -0.7144
    0.8492   -0.7083
    1.3356   -0.3606


corners_world =

    1.4130    0.0523
    1.5794    0.6823
   -0.7660    0.6925
   -0.0580   -0.7174
    0.8473   -0.7107
    1.3356   -0.3656


corners_world =

    1.4365    0.0764
    1.5831    0.6737
   -0.8047    0.7085
   -0.0473   -0.7106
    0.8471   -0.7172
    1.3367   -0.3730


corners_world =

    1.4287    0.0861
    1.5237    0.6981
   -0.7615    0.6926
   -0.0475   -0.7106
    0.8455   -0.7190
    1.3354   -0.3758


corners_world =

    1.4360    0.0799
    1.5810    0.6785
   -0.7643    0.6921
   -0.0567   -0.7162
    0.8477   -0.7117
    1.3357   -0.3661


corners_world =

    1.4302    0.0713
    1.5545    0.6943
   -0.7619    0.6937
   -0.0587   -0.7168
    0.8458   -0.7137
    1.3443   -0.3747


corners_world =

    1.4303    0.0706
    1.5463    0.6912
   -0.8103    0.7119
   -0.0491   -0.7115
    0.8502   -0.7009
    1.3407   -0.3836


corners_world =

    1.4310    0.0722
    1.5447    0.6940
   -0.7595    0.6915
   -0.0492   -0.7115
    0.8489   -0.6978
    1.3406   -0.3839


corners_world =

    1.4251    0.0684
    1.5551    0.6936
   -0.8050    0.7081
   -0.0505   -0.7132
    0.8501   -0.7015
    1.3367   -0.3804


corners_world =

    1.4192    0.0569
    1.5775    0.6867
   -0.7850    0.6997
   -0.0523   -0.7140
    0.8499   -0.7014
    1.3422   -0.3848


corners_world =

    1.4316    0.0754
    1.5286    0.6878
   -0.8092    0.7082
   -0.0618   -0.7311
    0.8466   -0.7127
    1.3354   -0.3675


corners_world =

    1.4191    0.0638
    1.5740    0.6948
   -0.7873    0.7020
   -0.0499   -0.7132
    0.8528   -0.6979
    1.3384   -0.3773


corners_world =

    1.4242    0.0637
    1.5747    0.6931
   -0.7852    0.7010
   -0.0513   -0.7141
    0.8486   -0.7034
    1.3285   -0.3547


corners_world =

    1.4316    0.0762
    1.5433    0.6974
   -0.7747    0.6962
   -0.0510   -0.7129
    0.8528   -0.6979
    1.3334   -0.3783


corners_world =

    1.4418    0.0806
    1.5811    0.6785
   -0.7629    0.6924
   -0.0601   -0.7280
    0.8516   -0.6926
    1.3405   -0.3744


corners_world =

    1.4314    0.0746
    1.5362    0.6917
   -0.7642    0.6925
   -0.0603   -0.7187
    0.8440   -0.7159
    1.3443   -0.3758


corners_world =

    1.4192    0.0635
    1.5740    0.6949
   -0.8040    0.7087
   -0.0485   -0.7128
    0.8515   -0.6995
    1.3373   -0.3794


corners_world =

    1.4242    0.0626
    1.5744    0.6940
   -0.7850    0.7000
   -0.0566   -0.7152
    0.8498   -0.7078
    1.3359   -0.3601


corners_world =

    1.4244    0.0645
    1.5740    0.6949
   -0.7870    0.7019
   -0.0530   -0.7137
    0.8467   -0.7053
    1.3356   -0.3604


corners_world =

    1.4367    0.0745
    1.5368    0.6905
   -0.7925    0.7029
   -0.0534   -0.7137
    0.8489   -0.7031
    1.3283   -0.3557


corners_world =

    1.4192    0.0639
    1.5757    0.6910
   -0.7667    0.6912
   -0.0601   -0.7169
    0.8459   -0.7191
    1.3387   -0.3766


corners_world =

    1.4304    0.0718
    1.5544    0.6948
   -0.8013    0.7072
   -0.0488   -0.7135
    0.8491   -0.7029
    1.3290   -0.3543


corners_world =

    1.4130    0.0517
    1.5795    0.6824
   -0.7889    0.7020
   -0.0482   -0.7128
    0.8514   -0.7001
    1.3413   -0.3828


corners_world =

    1.4255    0.0685
    1.5548    0.6951
   -0.8093    0.7079
   -0.0455   -0.7105
    0.8479   -0.7168
    1.3410   -0.3729


corners_world =

    1.4241    0.0626
    1.5746    0.6936
   -0.7942    0.7043
   -0.0510   -0.7144
    0.8489   -0.7027
    1.3581   -0.3908


corners_world =

    1.4198    0.0624
    1.5754    0.6919
   -0.7865    0.6998
   -0.0543   -0.7136
    0.8235   -0.7187
    1.3361   -0.3617


corners_world =

    1.4242    0.0645
    1.5750    0.6928
   -0.7827    0.6995
   -0.0554   -0.7153
    0.8223   -0.7189
    1.3361   -0.3625


corners_world =

    1.4286    0.0905
    1.4974    0.6945
   -0.7840    0.6999
   -0.0546   -0.7134
    0.8507   -0.7061
    1.3323   -0.3587


corners_world =

    1.4367    0.0757
    1.5535    0.6970
   -0.7992    0.7084
   -0.0526   -0.7148
    0.8496   -0.7075
    1.3320   -0.3617


corners_world =

    1.4198    0.0578
    1.5773    0.6876
   -0.7612    0.6920
   -0.0460   -0.7107
    0.8538   -0.6969
    1.3384   -0.3780


corners_world =

    1.4251    0.0681
    1.5728    0.6980
   -0.7840    0.7014
   -0.0542   -0.7134
    0.8226   -0.7191
    1.3361   -0.3636


corners_world =

    1.4320    0.0759
    1.5523    0.6990
   -0.8005    0.7073
   -0.0508   -0.7129
    0.8496   -0.7020
    1.3644   -0.3897


corners_world =

    1.4192    0.0601
    1.5779    0.6864
   -0.7688    0.6925
   -0.0595   -0.7187
    0.8526   -0.6920
    1.3387   -0.3761


corners_world =

    1.4254    0.0674
    1.5567    0.6904
   -0.7949    0.7042
   -0.0503   -0.7142
    0.8508   -0.7061
    1.3363   -0.3613


corners_world =

    1.4245    0.0662
    1.5568    0.6904
   -0.8047    0.7082
   -0.0480   -0.7128
    0.8508   -0.7010
    1.3575   -0.3913


corners_world =

    1.4197    0.0555
    1.5221    0.7015
   -0.7823    0.6992
   -0.0534   -0.7142
    0.8479   -0.7044
    1.3286   -0.3572


corners_world =

    1.4194    0.0628
    1.5755    0.6920
   -0.7749    0.6961
   -0.0569   -0.7162
    0.8477   -0.7113
    1.3361   -0.3678


corners_world =

    1.4250    0.0662
    1.5734    0.6967
   -0.7905    0.7023
   -0.0533   -0.7150
    0.8510   -0.7062
    1.3367   -0.3598


corners_world =

    1.4369    0.0742
    1.5449    0.6937
   -0.8039    0.7087
   -0.0508   -0.7141
    0.8493   -0.7032
    1.3284   -0.3552


corners_world =

    1.4549    0.0831
    1.5794    0.6830
   -0.7747    0.6963
   -0.0504   -0.7134
    0.8512   -0.7001
    1.3334   -0.3773


corners_world =

    1.4191    0.0601
    1.5759    0.6912
   -0.7944    0.7046
   -0.0476   -0.7104
    0.8477   -0.7172
    1.3406   -0.3742


corners_world =

    1.4376    0.0758
    1.5358    0.6926
   -0.7596    0.6914
   -0.0559   -0.7163
    0.8223   -0.7214
    1.3368   -0.3625


corners_world =

    1.4198    0.0656
    1.5572    0.6896
   -0.8038    0.7090
   -0.0466   -0.7104
    0.8531   -0.6966
    1.3334   -0.3765


corners_world =

    1.4197    0.0582
    1.5768    0.6890
   -0.7775    0.6957
   -0.0544   -0.7126
    0.8476   -0.7045
    1.3327   -0.3555


corners_world =

    1.6176    0.6891
   -0.7598    0.6915
   -0.0578   -0.7189
    0.8455   -0.7145
    1.3414   -0.3693


corners_world =

    1.4549    0.0855
    1.5783    0.6856
   -0.7749    0.6949
   -0.0564   -0.7162
    0.8249   -0.7189
    1.3365   -0.3608


corners_world =

    1.4421    0.0816
    1.5340    0.6974
   -0.7588    0.6941
   -0.0456   -0.7105
    0.8457   -0.7142
    1.3362   -0.3705


corners_world =

    1.4374    0.0762
    1.6171    0.6904
   -0.8102    0.7116
   -0.0450   -0.7108
    0.8518   -0.6927
    1.3412   -0.3731


corners_world =

    1.4252    0.0651
    1.5746    0.6942
   -0.7865    0.7030
   -0.0500   -0.7129
    0.8528   -0.6982
    1.3337   -0.3765


corners_world =

    1.4247    0.0643
    1.5740    0.6955
   -0.7893    0.7012
   -0.0521   -0.7140
    0.8481   -0.7040
    1.3331   -0.3544


corners_world =

    1.4249    0.0663
    1.5744    0.6947
   -0.7998    0.7078
   -0.0501   -0.7144
    0.8500   -0.7021
    1.3284   -0.3555


corners_world =

    1.4244    0.0600
    1.5755    0.6921
   -0.8015    0.7063
   -0.0505   -0.7144
    0.8489   -0.7035
    1.3291   -0.3538


corners_world =

    1.4251    0.0678
    1.5721    0.6998
   -0.8082    0.7090
   -0.0579   -0.7166
    0.8489   -0.7109
    1.3326   -0.3640


corners_world =

    1.4250    0.0647
    1.5570    0.6895
   -0.7996    0.7077
   -0.0503   -0.7144
    0.8485   -0.7035
    1.3523   -0.3881


corners_world =

    1.4265    0.0699
    1.5727    0.6985
   -0.7968    0.7071
   -0.0522   -0.7138
    0.8522   -0.7050
    1.3286   -0.3559


corners_world =

    1.4142    0.0530
    1.5248    0.6972
   -0.7719    0.6933
   -0.0524   -0.7148
    0.8499   -0.7023
    1.3527   -0.3870


corners_world =

    1.4249    0.0605
    1.5756    0.6921
   -0.0139    0.0409
   -0.1579    0.0583
   -0.0391   -0.0162
    0.1432   -0.7086
    0.8448   -0.6378
    1.1656   -0.1580


corners_world =

    1.6155    0.6945
   -0.7575    0.6917
   -0.0459   -0.7105
    0.8514   -0.6934
    1.3416   -0.3739


corners_world =

    1.4425    0.0809
    1.5266    0.6926
   -0.7655    0.6918
   -0.0591   -0.7175
    0.8509   -0.6896
    1.3415   -0.3723


corners_world =

    1.4379    0.0783
    1.5342    0.6970
   -0.7711    0.6927
   -0.0567   -0.7152
    0.8225   -0.7194
    1.3371   -0.3609


corners_world =

    1.4198    0.0641
    1.5739    0.6960
   -0.7939    0.7038
   -0.0492   -0.7137
    0.8532   -0.6972
    1.3451   -0.3753


corners_world =

    1.4193    0.0641
    1.5749    0.6939
   -0.7900    0.7034
   -0.0522   -0.7150
    0.8488   -0.7033
    1.3324   -0.3573


corners_world =

    1.4136    0.0523
    1.5244    0.6976
   -0.7660    0.6912
   -0.0543   -0.7149
    0.8505   -0.7070
    1.3365   -0.3595


corners_world =

    1.4146    0.0527
    1.6138    0.6985
   -0.7869    0.7026
   -0.0609   -0.7296
    0.8519   -0.6876
    1.3364   -0.3693


corners_world =

    1.4197    0.0545
    1.5783    0.6862
   -0.7920    0.7022
   -0.0469   -0.7104
    0.8470   -0.7183
    1.3371   -0.3706


corners_world =

    1.4199    0.0576
    1.5779    0.6870
   -0.7986    0.7087
   -0.0466   -0.7107
    0.8467   -0.7132
    1.3403   -0.3703


corners_world =

    0.0016    0.0019
   -0.8012    0.7072
   -0.0611   -0.7311
    0.8467   -0.7132
    1.3356   -0.3675


corners_world =

    1.3892    0.0491
    1.5267    0.6926
    0.4611    1.0346
   -0.0110    0.0423
   -0.7701    0.6937
   -0.0406    0.0105
   -0.1622   -0.0849
    0.3205   -0.8838
    0.9301   -1.1110
    0.0433   -0.0105


corners_world =

    1.4255    0.0675
    1.5562    0.6923
   -0.8010    0.7074
   -0.0485   -0.7113
    0.8531   -0.6981
    1.3401   -0.3758


corners_world =

    1.5822    0.6771
   -0.7574    0.6921
   -0.0502   -0.7129
    0.8516   -0.7004
    1.3422   -0.3858


corners_world =

    1.4152    0.0578
    1.5154    0.6965
   -0.7652    0.6923
   -0.0609   -0.7402
    0.8515   -0.6934
    1.3452   -0.3752


corners_world =

    1.4250    0.0675
    1.5494    0.6862
   -0.7783    0.6972
   -0.0551   -0.7165
    0.8495   -0.7104
    1.3367   -0.3658


corners_world =

    1.4200    0.0565
    1.5777    0.6875
   -0.7755    0.6959
   -0.0525   -0.7137
    0.8493   -0.7032
    1.3291   -0.3528


corners_world =

    1.6161    0.6932
   -0.7566    0.6925
   -0.0600   -0.7189
    0.8479   -0.7118
    1.3361   -0.3679


corners_world =

    1.4368    0.0815
    1.5343    0.6971
   -0.7626    0.6915
   -0.0580   -0.7178
    0.8487   -0.7164
    1.3455   -0.3725


corners_world =

    1.4260    0.0684
    1.5728    0.6987
   -0.8095    0.7121
   -0.0593   -0.7205
    0.8542   -0.6913
    1.3379   -0.3719


corners_world =

    1.4425    0.0790
    1.5809    0.6802
   -0.7884    0.7013
   -0.0499   -0.7129
    0.8494   -0.7028
    1.3584   -0.3892


corners_world =

    1.4187    0.0588
    1.5765    0.6905
   -0.7938    0.7042
   -0.0477   -0.7121
    0.8541   -0.6973
    1.3398   -0.3780


corners_world =

    1.4422    0.0806
    1.5346    0.6967
   -0.7650    0.6918
   -0.0564   -0.7167
    0.8484   -0.7106
    1.3337   -0.3626


corners_world =

    1.4141    0.0543
    1.5249    0.6969
   -0.7624    0.6909
   -0.0462   -0.7107
    0.8474   -0.7180
    1.3444   -0.3773


corners_world =

    1.4247    0.0602
    1.5767    0.6901
   -0.7713    0.6941
   -0.0581   -0.7186
    0.8543   -0.6905
    1.3373   -0.3694


corners_world =

    1.4425    0.0795
    1.6164    0.6929
   -0.7607    0.6913
   -0.0554   -0.7163
    0.8213   -0.7180
    1.3327   -0.3618


corners_world =

    1.4202    0.0650
    1.5570    0.6907
   -0.7998    0.7071
   -0.0460   -0.7109
    0.8459   -0.7194
    1.3447   -0.3757


corners_world =

    1.4320    0.0746
    1.5367    0.6922
   -0.7612    0.6940
   -0.0547   -0.7156
    0.8510   -0.7064
    1.3320   -0.3577


corners_world =

    1.4133    0.0524
    1.5802    0.6820
   -0.7705    0.6941
   -0.0514   -0.7138
    0.8516   -0.7006
    1.3335   -0.3785


corners_world =

    1.4138    0.0578
    1.5771    0.6893
   -0.8036    0.7085
   -0.0615   -0.7311
    0.8546   -0.7208
    1.3380   -0.3707


corners_world =

    1.4137    0.0536
    1.5793    0.6841
   -0.7923    0.7024
   -0.0584   -0.7220
    0.8467   -0.7134
    1.3371   -0.3646


corners_world =

    1.4257    0.0673
    1.5731    0.6983
   -0.8100    0.7114
   -0.0600   -0.7279
    0.8509   -0.6892
    1.3374   -0.3713


corners_world =

    1.5750    0.6940
   -0.7975    0.7059
   -0.0508   -0.7141
    0.8483   -0.7041
    1.3292   -0.3546


corners_world =

    1.4251    0.0637
    1.5754    0.6932
   -0.7782    0.6968
   -0.0557   -0.7162
    0.8225   -0.7198
    1.3324   -0.3621


corners_world =

    1.4317    0.0719
    1.5306    0.6844
   -0.8001    0.7071
   -0.0528   -0.7145
    0.8482   -0.7043
    1.3367   -0.3597


corners_world =

    1.4380    0.0765
    1.5834    0.6747
   -0.8041    0.7078
   -0.0493   -0.7130
    0.8524   -0.6992
    1.3330   -0.3795


corners_world =

    1.4424    0.0795
    1.6162    0.6934
   -0.8079    0.7088
   -0.0457   -0.7110
    0.8458   -0.7200
    1.3428   -0.3779


corners_world =

    1.4252    0.0626
    1.5754    0.6932
   -0.7943    0.7050
   -0.0454   -0.7107
    0.8483   -0.7170
    1.3416   -0.3748


corners_world =

    1.4427    0.0827
    1.5805    0.6816
   -0.7731    0.6949
   -0.0521   -0.7140
    0.8507   -0.7064
    1.3364   -0.3608


corners_world =

    1.4249    0.0626
    1.5756    0.6928
   -0.8029    0.7091
   -0.0456   -0.7107
    0.8463   -0.7140
    1.3367   -0.3722


corners_world =

    1.4319    0.0739
    1.5445    0.6963
   -0.7628    0.6929
   -0.0557   -0.7155
    0.8234   -0.7188
    1.3373   -0.3626


corners_world =

    1.4256    0.0658
    1.5743    0.6958
   -0.7990    0.7080
   -0.0495   -0.7132
    0.8521   -0.7001
    1.3374   -0.3791


corners_world =

    1.4202    0.0562
    1.5779    0.6877
   -0.7865    0.7020
   -0.0530   -0.7137
    0.8508   -0.7068
    1.3333   -0.3572


corners_world =

    1.4260    0.0677
    1.5564    0.6925
   -0.7570    0.6918
   -0.0583   -0.7185
    0.8477   -0.7116
    1.3367   -0.3655


corners_world =

    1.5774    0.6890
   -0.7817    0.6996
   -0.0521   -0.7143
    0.8487   -0.7042
    1.3295   -0.3550


corners_world =

    1.4382    0.0754
    1.6172    0.6912
   -0.7624    0.6933
   -0.0568   -0.7169
    0.8500   -0.7104
    1.3370   -0.3656


corners_world =

    1.4196    0.0609
    1.5764    0.6911
   -0.7876    0.7018
   -0.0498   -0.7129
    0.8529   -0.6983
    1.3388   -0.3795


corners_world =

    1.4366    0.0820
    1.5343    0.6977
   -0.7588    0.6920
   -0.0568   -0.7174
    0.8224   -0.7219
    1.3372   -0.3610


corners_world =

    1.4249    0.0646
    1.5755    0.6933
   -0.8010    0.7067
   -0.0447   -0.7098
    0.8525   -0.6925
    1.3450   -0.3741


corners_world =

    1.4319    0.0704
    1.5549    0.6959
   -0.7626    0.6919
   -0.0534   -0.7151
    0.8514   -0.7064
    1.3367   -0.3592


corners_world =

    1.4371    0.0816
    1.5266    0.6937
   -0.7773    0.6965
   -0.0493   -0.7147
    0.8516   -0.7007
    1.3422   -0.3843


corners_world =

    1.4314    0.0712
    1.5462    0.6940
   -0.7594    0.6932
   -0.0452   -0.7097
    0.8485   -0.7170
    1.3416   -0.3735


corners_world =

    1.4426    0.0871
    1.5233    0.7003
   -0.7848    0.7001
   -0.0515   -0.7135
    0.8507   -0.7019
    1.3378   -0.3834


corners_world =

    1.4322    0.0755
    1.5832    0.6757
   -0.7583    0.6911
   -0.0459   -0.7109
    0.8495   -0.7158
    1.3380   -0.3678


corners_world =

    1.4381    0.0786
    1.6175    0.6908
   -0.8110    0.7104
   -0.0471   -0.7123
    0.8536   -0.6980
    1.3389   -0.3778


corners_world =

    1.4262    0.0701
    1.5545    0.6962
   -0.8040    0.7082
   -0.0464   -0.7104
    0.8470   -0.7188
    1.3355   -0.3733


corners_world =

    1.4151    0.0561
    1.5868    0.6906
   -0.7777    0.6964
   -0.0497   -0.7132
    0.8507   -0.7015
    1.3380   -0.3827


corners_world =

    1.4375    0.0746
    1.6179    0.6900
   -0.7584    0.6920
   -0.0585   -0.7185
    0.8476   -0.7126
    1.3367   -0.3670


corners_world =

    1.4260    0.0663
    1.5746    0.6955
   -0.7966    0.7063
   -0.0481   -0.7125
    0.8542   -0.6973
    1.3347   -0.3770


corners_world =

    1.4255    0.0655
    1.5579    0.6901
   -0.7911    0.7026
   -0.0507   -0.7138
    0.8494   -0.7031
    1.3298   -0.3534


corners_world =

    1.4265    0.0710
    1.5727    0.6998
   -0.8009    0.7070
   -0.0501   -0.7141
    0.8494   -0.7031
    1.3295   -0.3545


corners_world =

    1.4323    0.0760
    1.5823    0.6779
   -0.7832    0.6999
   -0.0477   -0.7133
    0.8521   -0.7002
    1.3429   -0.3840


corners_world =

    1.4200    0.0648
    1.5750    0.6947
   -0.7975    0.7056
   -0.0479   -0.7133
    0.8521   -0.6994
    1.3388   -0.3793


corners_world =

    1.4267    0.0671
    1.5567    0.6916
   -0.7939    0.7036
   -0.0534   -0.7136
    0.8483   -0.7045
    1.3333   -0.3570


corners_world =

    1.4314    0.0689
    1.5561    0.6929
   -0.7937    0.7050
   -0.0502   -0.7139
    0.8508   -0.7018
    1.3291   -0.3543


corners_world =

    1.4200    0.0602
    1.5764    0.6917
   -0.7804    0.6981
   -0.0514   -0.7138
    0.8499   -0.7026
    1.3588   -0.3894


corners_world =

    1.4367    0.0782
    1.5831    0.6762
   -0.7612    0.6918
   -0.0569   -0.7171
    0.8212   -0.7186
    1.3326   -0.3615


corners_world =

    1.4144    0.0580
    1.4992    0.6932
   -0.7843    0.6997
   -0.0477   -0.7123
    0.8467   -0.7192
    1.3407   -0.3743


corners_world =

    1.4431    0.0809
    1.5276    0.6917
   -0.7643    0.6921
   -0.0540   -0.7156
    0.8569   -0.6874
    1.3323   -0.3637


corners_world =

    1.4201    0.0645
    1.5661    0.6933
   -0.8033    0.7084
   -0.0458   -0.7104
    0.8471   -0.7187
    1.3453   -0.3756


corners_world =

    1.4362    0.0790
    1.5350    0.6966
   -0.7712    0.6941
   -0.0538   -0.7133
    0.8296   -0.7203
    1.3324   -0.3595


corners_world =

    1.4325    0.0737
    1.5451    0.6951
   -0.8085    0.7078
   -0.0464   -0.7106
    0.8464   -0.7197
    1.3406   -0.3758


corners_world =

    1.4376    0.0767
    1.5839    0.6745
   -0.7585    0.6917
   -0.0466   -0.7111
    0.8507   -0.6966
    1.3390   -0.3789


corners_world =

    1.4262    0.0687
    1.5722    0.7012
   -0.8037    0.7079
   -0.0465   -0.7121
    0.8528   -0.6991
    1.3394   -0.3774


corners_world =

    1.4365    0.0825
    1.5262    0.6951
   -0.7759    0.6952
   -0.0501   -0.7141
    0.8509   -0.7014
    1.3427   -0.3859


corners_world =

    1.4259    0.0656
    1.5570    0.6923
   -0.8005    0.7070
   -0.0454   -0.7107
    0.8499   -0.7206
    1.3453   -0.3751


corners_world =

    1.4432    0.0798
    1.5826    0.6775
   -0.7618    0.6921
   -0.0553   -0.7155
    0.8521   -0.7059
    1.3330   -0.3576


corners_world =

    1.4260    0.0683
    1.5562    0.6930
   -0.7914    0.7029
   -0.0476   -0.7118
    0.8468   -0.7192
    1.3372   -0.3744


corners_world =

    1.6188    0.6884
   -0.8046    0.7072
   -0.0477   -0.7130
    0.8519   -0.7002
    1.3429   -0.3855


corners_world =

    1.4386    0.0772
    1.6175    0.6914
   -0.7583    0.6912
   -0.0599   -0.7279
    0.8525   -0.6933
    1.3354   -0.3735


corners_world =

    1.4258    0.0578
    1.5761    0.6926
   -0.7549    0.6907
   -0.0573   -0.7166
    0.8487   -0.7120
    1.3370   -0.3657


corners_world =

    1.4388    0.0792
    1.5824    0.6780
   -0.7611    0.6907
   -0.0579   -0.7163
    0.8499   -0.7102
    1.3371   -0.3626


corners_world =

   -0.7925    0.7020
   -0.0476   -0.7125
    0.8543   -0.6974
    1.3394   -0.3777


corners_world =

    1.4202    0.0657
    1.5750    0.6952
   -0.7991    0.7078
   -0.0482   -0.7133
    0.8526   -0.6999
    1.3381   -0.3833


corners_world =

    1.5787    0.6866
   -0.7788    0.6960
   -0.0526   -0.7144
    0.8488   -0.7042
    1.3369   -0.3567


corners_world =

    1.4257    0.0668
    1.5574    0.6905
   -0.8078    0.7084
   -0.0570   -0.7189
    0.8482   -0.7123
    1.3367   -0.3679


corners_world =

    1.4160    0.0605
    1.5774    0.6897
   -0.7756    0.6954
   -0.0507   -0.7138
    0.8517   -0.7011
    1.3421   -0.3828


corners_world =

    1.4379    0.0732
    1.5454    0.6953
   -0.7758    0.6967
   -0.0478   -0.7113
    0.8541   -0.6973
    1.3393   -0.3773


corners_world =

    1.4307    0.0819
    1.5181    0.6920
   -0.7775    0.6955
   -0.0478   -0.7138
    0.8528   -0.6997
    1.3379   -0.3804


corners_world =

    1.4269    0.0727
    1.5464    0.6932
   -0.7569    0.6918
   -0.0600   -0.7241
    0.8469   -0.7139
    1.3417   -0.3736


corners_world =

    1.4143    0.0524
    1.5803    0.6832
   -0.7644    0.6922
   -0.0559   -0.7149
    0.8234   -0.7197
    1.3331   -0.3614


corners_world =

    1.4199    0.0619
    1.5763    0.6923
   -0.7737    0.6956
   -0.0569   -0.7176
    0.8558   -0.6893
    1.3374   -0.3693


corners_world =

    1.4300    0.0850
    1.5255    0.6969
   -0.7718    0.6951
   -0.0517   -0.7142
    0.8519   -0.7059
    1.3336   -0.3569


corners_world =

    1.4433    0.0799
    1.5351    0.6962
   -0.7638    0.6909
   -0.0572   -0.7166
    0.8475   -0.7132
    1.3379   -0.3666


corners_world =

    1.4199    0.0631
    1.4974    0.6964
   -0.8028    0.7087
   -0.0442   -0.7108
    0.8480   -0.7180
    1.3452   -0.3761


corners_world =

    1.3912    0.0330
    0.0030    0.0038
   -0.7802    0.6973
   -0.0510   -0.7138
    0.8259   -0.7191
    1.3379   -0.3600


corners_world =

    1.5805    0.6828
    0.2091    0.6767
   -0.0103    0.0420
   -0.7645    0.6919
   -0.1586    0.0387
   -1.7134   -0.4257
    0.0016   -0.0002
    1.1427   -0.6599
    1.1688   -0.1517


corners_world =

    1.5794    0.6854
   -0.7658    0.6908
   -0.0574   -0.7206
    0.8511   -0.6900
    1.3432   -0.3700


corners_world =

    1.4325    0.0734
    1.5556    0.6953
   -0.7864    0.7020
   -0.0566   -0.7174
    0.8487   -0.7114
    1.3371   -0.3668


corners_world =

    1.4363    0.0807
    1.5269    0.6940
   -0.7583    0.6920
   -0.0452   -0.7119
    0.8535   -0.6985
    1.3393   -0.3776


corners_world =

    1.4327    0.0746
    1.5842    0.6742
   -0.8094    0.7114
   -0.0596   -0.7279
    0.8497   -0.7157
    1.3379   -0.3717


corners_world =

    1.4144    0.0521
    1.5800    0.6842
   -0.7798    0.6977
   -0.0478   -0.7130
    0.8539   -0.6981
    1.3394   -0.3776


corners_world =

    1.5781    0.6885
   -0.7961    0.7068
   -0.0450   -0.7105
    0.8466   -0.7143
    1.3379   -0.3709


corners_world =

    1.4207    0.0577
    1.5779    0.6889
   -0.7969    0.7059
   -0.0445   -0.7105
    0.8470   -0.7134
    1.3375   -0.3657


corners_world =

    1.4316    0.0711
    1.5552    0.6957
   -0.7581    0.6933
   -0.0576   -0.7165
    0.8499   -0.7111
    1.3373   -0.3664


corners_world =

    1.4151    0.0552
    1.5866    0.6922
   -0.7847    0.6993
   -0.0515   -0.7135
    0.8496   -0.7034
    1.3655   -0.3901


corners_world =

    1.4208    0.0674
    1.5580    0.6908
   -0.8058    0.7052
   -0.0588   -0.7189
    0.8476   -0.7131
    1.3368   -0.3693


corners_world =

    1.4436    0.0784
    1.5826    0.6782
   -0.7710    0.6932
   -0.0527   -0.7142
    0.8488   -0.7043
    1.3300   -0.3542


corners_world =

    1.4206    0.0628
    1.5747    0.6962
   -0.8003    0.7073
   -0.0475   -0.7125
    0.8544   -0.6976
    1.3346   -0.3762


corners_world =

    1.4142    0.0536
    1.5258    0.6966
   -0.7609    0.6910
   -0.0547   -0.7175
    0.8253   -0.7196
    1.3340   -0.3588


corners_world =

    1.4371    0.0780
    1.6178    0.6912
   -0.8089    0.7118
   -0.0589   -0.7280
    0.8551   -0.6900
    1.3383   -0.3705


corners_world =

    1.4330    0.0755
    1.5455    0.6954
   -0.8065    0.7093
   -0.0452   -0.7107
    0.8511   -0.7199
    1.3413   -0.3745


corners_world =

    1.4157    0.0610
    1.5772    0.6907
   -0.7919    0.7050
   -0.0450   -0.7110
    0.8556   -0.6962
    1.3439   -0.3776


corners_world =

    1.4272    0.0705
    1.5475    0.6918
   -0.7638    0.6921
   -0.0538   -0.7143
    0.8259   -0.7193
    1.3378   -0.3610


corners_world =

    1.4320    0.0715
    1.5458    0.6950
   -0.7689    0.6940
   -0.0513   -0.7130
    0.8516   -0.7014
    1.3533   -0.3902


corners_world =

    1.4372    0.0808
    1.5264    0.6953
   -0.7678    0.6926
   -0.0513   -0.7148
    0.8505   -0.7028
    1.3378   -0.3845


corners_world =

    1.4268    0.0701
    1.5637    0.6996
   -0.8044    0.7071
   -0.0460   -0.7104
    0.8539   -0.6932
    1.3456   -0.3761


corners_world =

    1.4319    0.0735
    1.5384    0.6902
   -0.8036    0.7076
   -0.0492   -0.7144
    0.8515   -0.7017
    1.3654   -0.3896


corners_world =

    1.5788    0.6873
   -0.7789    0.6985
   -0.0510   -0.7140
    0.8532   -0.6996
    1.3386   -0.3800


corners_world =

    1.4317    0.0727
    1.5464    0.6938
   -0.7593    0.6911
   -0.0561   -0.7169
    0.8497   -0.7112
    1.3368   -0.3669


corners_world =

    1.4205    0.0613
    1.5765    0.6924
   -0.7844    0.7006
   -0.0494   -0.7144
    0.8528   -0.7000
    1.3432   -0.3813


corners_world =

    1.4423    0.0804
    1.5827    0.6783
   -0.7623    0.6923
   -0.0544   -0.7163
    0.8239   -0.7210
    1.3377   -0.3628


corners_world =

    1.4266    0.0697
    1.5560    0.6956
   -0.8036    0.7079
   -0.0453   -0.7117
    0.8555   -0.6960
    1.3416   -0.3749


corners_world =

    1.4267    0.0690
    1.5325    0.6826
   -0.7591    0.6924
   -0.0551   -0.7177
    0.8243   -0.7209
    1.3381   -0.3602


corners_world =

    1.4207    0.0636
    1.5760    0.6938
   -0.7722    0.6958
   -0.0541   -0.7155
    0.8249   -0.7187
    1.3377   -0.3600


corners_world =

    1.4270    0.0721
    1.5731    0.7002
   -0.7855    0.6993
   -0.0520   -0.7134
    0.8521   -0.7064
    1.3331   -0.3577


corners_world =

    1.4327    0.0740
    1.5383    0.6912
   -0.8037    0.7077
   -0.0458   -0.7116
    0.8535   -0.6989
    1.3429   -0.3815


corners_world =

    1.4259    0.0654
    1.5669    0.6928
   -0.7962    0.7057
   -0.0459   -0.7131
    0.8459   -0.7197
    1.3388   -0.3804


corners_world =

    1.4386    0.0770
    1.5837    0.6761
   -0.7671    0.6925
   -0.0522   -0.7134
    0.8516   -0.7067
    1.3340   -0.3563


corners_world =

    1.4212    0.0590
    1.5779    0.6895
   -0.7935    0.7038
   -0.0466   -0.7128
    0.8543   -0.6980
    1.3356   -0.3771


corners_world =

    1.4331    0.0760
    1.6183    0.6905
   -0.7598    0.6916
   -0.0562   -0.7174
    0.8503   -0.7107
    1.3374   -0.3650


corners_world =

    1.4562    0.0852
    1.5265    0.6954
   -0.7576    0.6918
   -0.0460   -0.7119
    0.8543   -0.6980
    1.3338   -0.3781


corners_world =

    1.4371    0.0821
    1.5815    0.6813
   -0.7639    0.6922
   -0.0561   -0.7164
    0.8483   -0.7126
    1.3391   -0.3682


corners_world =

    1.4333    0.0740
    1.5469    0.6936
   -0.7572    0.6922
   -0.0590   -0.7279
    0.8517   -0.6893
    1.3380   -0.3714


corners_world =

    1.4273    0.0683
    1.5566    0.6939
   -0.8033    0.7077
   -0.0478   -0.7137
    0.8528   -0.6998
    1.3385   -0.3798


corners_world =

    1.4207    0.0656
    1.5589    0.6893
   -0.7899    0.7021
   -0.0495   -0.7131
    0.8509   -0.7021
    1.3653   -0.3915


corners_world =

    1.4390    0.0795
    1.6172    0.6931
   -0.7585    0.6919
   -0.0546   -0.7155
    0.8256   -0.7191
    1.3377   -0.3584


corners_world =

    1.4431    0.0868
    1.5246    0.6996
   -0.7826    0.6998
   -0.0469   -0.7128
    0.8555   -0.6962
    1.3375   -0.3752


corners_world =

    1.4154    0.0612
    1.5768    0.6921
   -0.7935    0.7049
   -0.0438   -0.7105
    0.8552   -0.6905
    1.3382   -0.3679


corners_world =

    1.4152    0.0538
    1.5806    0.6835
   -0.7721    0.6939
   -0.0510   -0.7150
    0.8262   -0.7188
    1.3289   -0.3603


corners_world =

    1.4156    0.0554
    1.5868    0.6924
   -0.7773    0.6959
   -0.0538   -0.7163
    0.8486   -0.7127
    1.3378   -0.3686


corners_world =

    1.4319    0.0721
    1.5461    0.6943
   -0.7631    0.6923
   -0.0564   -0.7166
    0.8486   -0.7123
    1.3369   -0.3691


corners_world =

    1.3801    0.0495
    0.0111    0.0421
    0.0020    0.0001
   -0.0391   -0.0135
   -0.1564   -0.1361
   -0.0722   -1.0586
    0.0171   -0.0406
    0.7806   -0.7196
    0.0442   -0.0104


corners_world =

    1.4152    0.0539
    1.6144    0.6998
   -0.7743    0.6955
   -0.0487   -0.7142
    0.8512   -0.7019
    1.3653   -0.3910


corners_world =

    1.4257    0.0663
    1.5676    0.6922
   -0.8036    0.7077
   -0.0576   -0.7175
    0.8502   -0.7105
    1.3378   -0.3650


corners_world =

    1.4374    0.0739
    1.5393    0.6887
   -0.8089    0.7115
   -0.0448   -0.7107
    0.8486   -0.7178
    1.3410   -0.3769


corners_world =

    1.4268    0.0707
    1.5469    0.6931
   -0.7627    0.6923
   -0.0533   -0.7136
    0.8261   -0.7190
    1.3379   -0.3599


corners_world =

    1.4269    0.0691
    1.5557    0.6961
   -0.7650    0.6913
   -0.0512   -0.7137
    0.8507   -0.7029
    1.3651   -0.3909


corners_world =

    1.4394    0.0784
    1.5361    0.6953
   -0.7636    0.6920
   -0.0529   -0.7154
    0.8491   -0.7044
    1.3298   -0.3543


corners_world =

    1.4261    0.0594
    1.5778    0.6900
   -0.7732    0.6937
   -0.0516   -0.7142
    0.8526   -0.7061
    1.3384   -0.3581


corners_world =

    1.4564    0.0841
    1.5350    0.6984
   -0.7614    0.6926
   -0.0538   -0.7155
    0.8235   -0.7198
    1.3372   -0.3636


corners_world =

    1.4271    0.0711
    1.5555    0.6955
   -0.7569    0.6908
   -0.0560   -0.7176
    0.8472   -0.7141
    1.3435   -0.3708


corners_world =

    1.4263    0.0656
    1.5590    0.6894
   -0.8032    0.7081
   -0.0475   -0.7128
    0.8540   -0.6990
    1.3482   -0.3848


corners_world =

    1.4563    0.0869
    1.5794    0.6866
   -0.7797    0.6973
   -0.0498   -0.7138
    0.8500   -0.7035
    1.3341   -0.3561


corners_world =

    1.5842    0.6754
   -0.7580    0.6934
   -0.0580   -0.7190
    0.8537   -0.6871
    1.3382   -0.3686


corners_world =

    1.4369    0.0802
    1.5825    0.6793
   -0.7587    0.6910
   -0.0457   -0.7121
    0.8550   -0.6974
    1.3444   -0.3762


corners_world =

    1.4327    0.0749
    1.5464    0.6945
   -0.7581    0.6935
   -0.0542   -0.7155
    0.8521   -0.7064
    1.3295   -0.3557


corners_world =

    1.4263    0.0664
    1.5588    0.6899
   -0.7555    0.6923
   -0.0554   -0.7164
    0.8253   -0.7205
    1.3376   -0.3633


corners_world =

    1.4322    0.0741
    1.5458    0.6952
   -0.7716    0.6954
   -0.0507   -0.7145
    0.8502   -0.7032
    1.3299   -0.3565


corners_world =

    1.4212    0.0580
    1.5771    0.6918
   -0.7911    0.7021
   -0.0473   -0.7133
    0.8525   -0.7008
    1.3432   -0.3813


corners_world =

    1.4375    0.0826
    1.5818    0.6811
   -0.7688    0.6948
   -0.0547   -0.7152
    0.8232   -0.7202
    1.3374   -0.3659


corners_world =

    1.4436    0.0810
    1.5356    0.6972
   -0.7600    0.6926
   -0.0444   -0.7107
    0.8480   -0.7183
    1.3427   -0.3733


corners_world =

    1.4382    0.0760
    1.6363    0.6988
   -0.7566    0.6914
   -0.0451   -0.7107
    0.8488   -0.7173
    1.3432   -0.3742


corners_world =

    1.4260    0.0641
    1.4975    0.6981
   -0.7899    0.7018
   -0.0478   -0.7132
    0.8537   -0.6994
    1.3401   -0.3769


corners_world =

    1.4386    0.0780
    1.6178    0.6924
   -0.7637    0.6918
   -0.0517   -0.7134
    0.8534   -0.7053
    1.3339   -0.3591


corners_world =

    1.4435    0.0806
    1.5271    0.6948
   -0.7753    0.6946
   -0.0470   -0.7133
    0.8475   -0.7193
    1.3356   -0.3744


corners_world =

    1.4215    0.0596
    1.5785    0.6889
   -0.7826    0.6999
   -0.0460   -0.7131
    0.8539   -0.6933
    1.3412   -0.3748


corners_world =

    1.4159    0.0544
    1.5254    0.6986
   -0.7643    0.6919
   -0.0549   -0.7165
    0.8495   -0.7115
    1.3385   -0.3631


corners_world =

    1.5880    0.6910
   -0.7712    0.6954
   -0.0551   -0.7162
    0.8511   -0.7105
    1.3370   -0.3685


corners_world =

    0.1959    0.6759
   -0.7687    0.6925
   -0.0546   -0.7152
    0.8497   -0.7113
    1.3382   -0.3641


corners_world =

    1.4372    0.0858
    1.5791    0.6876
   -0.7880    0.7005
   -0.0488   -0.7144
    0.8517   -0.7015
    1.3440   -0.3799


corners_world =

    1.4266    0.0684
    1.5740    0.6992
   -0.7999    0.7067
   -0.0577   -0.7298
    0.8499   -0.7166
    1.3397   -0.3692


corners_world =

    1.5802    0.6850
   -0.7721    0.6955
   -0.0509   -0.7135
    0.8519   -0.7017
    1.3303   -0.3523


corners_world =

    1.4391    0.0797
    1.5288    0.6911
   -0.7642    0.6911
   -0.0529   -0.7166
    0.8498   -0.7105
    1.3379   -0.3664


corners_world =

    1.4329    0.0742
    1.5378    0.6926
   -0.8054    0.7050
   -0.0470   -0.7118
    0.8529   -0.7001
    1.3436   -0.3813


corners_world =

    1.4262    0.0665
    1.5750    0.6971
   -0.7728    0.6935
   -0.0562   -0.7194
    0.8513   -0.6903
    1.3469   -0.3735


corners_world =

    1.4322    0.0734
    1.5547    0.6977
   -0.7597    0.6927
   -0.0536   -0.7163
    0.8276   -0.7188
    1.3345   -0.3580


corners_world =

    1.4262    0.0669
    1.5582    0.6912
   -0.7838    0.7007
   -0.0499   -0.7141
    0.8531   -0.7003
    1.3441   -0.3826


corners_world =

    1.4277    0.0681
    1.5576    0.6919
   -0.7861    0.7019
   -0.0500   -0.7138
    0.8512   -0.7022
    1.3350   -0.3542


corners_world =

    1.4219    0.0589
    1.5788    0.6885
   -0.7821    0.6988
   -0.0499   -0.7143
    0.8524   -0.7008
    1.3661   -0.3901


corners_world =

    1.4264    0.0704
    1.5733    0.7010
   -0.8097    0.7103
   -0.0546   -0.7170
    0.8238   -0.7213
    1.3383   -0.3644


corners_world =

    1.4392    0.0781
    1.5834    0.6778
   -0.7726    0.6956
   -0.0481   -0.7145
    0.8535   -0.6998
    1.3391   -0.3828


corners_world =

    1.4216    0.0597
    1.5777    0.6911
   -0.7972    0.7052
   -0.0439   -0.7110
    0.8481   -0.7188
    1.3447   -0.3776


corners_world =

    1.4437    0.0800
    1.5354    0.6981
   -0.7681    0.6935
   -0.0541   -0.7163
    0.8515   -0.7098
    1.3377   -0.3647


corners_world =

    1.4210    0.0620
    1.5767    0.6933
   -0.7844    0.6996
   -0.0469   -0.7140
    0.8543   -0.6993
    1.3445   -0.3815


corners_world =

    1.4441    0.0812
    1.5282    0.6929
   -0.7705    0.6937
   -0.0494   -0.7144
    0.8545   -0.6982
    1.3353   -0.3773


corners_world =

    1.4393    0.0774
    1.6179    0.6926
   -0.7630    0.6919
   -0.0556   -0.7189
    0.8468   -0.7149
    1.3396   -0.3710


corners_world =

    1.4264    0.0650
    1.5760    0.6950
   -0.7890    0.7022
   -0.0517   -0.7139
    0.8301   -0.7195
    1.3383   -0.3589


corners_world =

    1.4332    0.0743
    1.5462    0.6950
   -0.8005    0.7062
   -0.0506   -0.7148
    0.8504   -0.7033
    1.3339   -0.3577


corners_world =

    1.4262    0.0654
    1.5667    0.6945
   -0.7950    0.7064
   -0.0465   -0.7131
    0.8538   -0.6988
    1.3397   -0.3781


corners_world =

    1.4378    0.0820
    1.5348    0.6994
   -0.7606    0.6928
   -0.0543   -0.7155
    0.8529   -0.7062
    1.3305   -0.3572


corners_world =

    1.4379    0.0769
    1.5550    0.6974
   -0.8043    0.7072
   -0.0434   -0.7105
    0.8490   -0.7171
    1.3396   -0.3714


corners_world =

    1.4371    0.0859
    1.5800    0.6860
   -0.7759    0.6970
   -0.0459   -0.7131
    0.8548   -0.6976
    1.3348   -0.3763


corners_world =

    1.4216    0.0672
    1.5577    0.6925
   -0.7557    0.6895
   -0.0556   -0.7166
    0.8483   -0.7129
    1.3383   -0.3667


corners_world =

    1.4375    0.0793
    1.5282    0.6929
   -0.7684    0.6941
   -0.0519   -0.7144
    0.8273   -0.7178
    1.3382   -0.3612


corners_world =

    1.4218    0.0583
    1.5792    0.6878
   -0.7710    0.6931
   -0.0534   -0.7163
    0.8246   -0.7194
    1.3384   -0.3605


corners_world =

    1.4160    0.0534
    1.5261    0.6975
   -0.7719    0.6943
   -0.0544   -0.7147
    0.8503   -0.7102
    1.3387   -0.3644


corners_world =

    1.4379    0.0821
    1.5282    0.6929
   -0.7605    0.6920
   -0.0559   -0.7194
    0.8506   -0.7160
    1.3388   -0.3707


corners_world =

    1.5781    0.6904
   -0.7680    0.6923
   -0.0562   -0.7176
    0.8504   -0.7162
    1.3396   -0.3705


corners_world =

    1.5762    0.6947
   -0.7723    0.6946
   -0.0538   -0.7155
    0.8248   -0.7207
    1.3343   -0.3624


corners_world =

    1.4218    0.0656
    1.5755    0.6964
   -0.7856    0.7015
   -0.0490   -0.7139
    0.8544   -0.7049
    1.3345   -0.3551


corners_world =

    1.4325    0.0716
    1.5656    0.6971
   -0.7989    0.7071
   -0.0479   -0.7145
    0.8523   -0.7016
    1.3353   -0.3549


corners_world =

    1.4275    0.0718
    1.5548    0.6979
   -0.7696    0.6930
   -0.0481   -0.7147
    0.8523   -0.7012
    1.3442   -0.3840


corners_world =

    1.4268    0.0663
    1.5740    0.6998
   -0.7629    0.6923
   -0.0488   -0.7139
    0.8515   -0.7021
    1.3446   -0.3833


corners_world =

    1.5797    0.6870
   -0.8040    0.7070
   -0.0547   -0.7174
    0.8527   -0.7078
    1.3315   -0.3558


corners_world =

    1.4150    0.0546
    1.5806    0.6848
   -0.7863    0.7018
   -0.0472   -0.7137
    0.8491   -0.7178
    1.3432   -0.3727


corners_world =

    1.4203    0.0606
    1.5769    0.6934
   -0.7929    0.7041
   -0.0454   -0.7131
    0.8495   -0.7177
    1.3425   -0.3725


corners_world =

    1.4369    0.0923
    1.5772    0.6926
   -0.8004    0.7061
   -0.0560   -0.7191
    0.8516   -0.7103
    1.3381   -0.3622


corners_world =

    1.4220    0.0607
    1.5778    0.6913
   -0.7929    0.7041
   -0.0588   -0.7264
    0.8508   -0.7109
    1.3384   -0.3631


corners_world =

    1.4212    0.0626
    1.5771    0.6930
   -0.8049    0.7101
   -0.0553   -0.7161
    0.8504   -0.7105
    1.3374   -0.3648


corners_world =

    1.4217    0.0688
    1.5567    0.6957
   -0.8074    0.7076
   -0.0539   -0.7178
    0.8247   -0.7213
    1.3388   -0.3616


corners_world =

    1.4380    0.0825
    1.5270    0.6959
   -0.7789    0.6979
   -0.0490   -0.7136
    0.8531   -0.7006
    1.3436   -0.3862


corners_world =

    1.4397    0.0795
    1.5363    0.6966
   -0.7703    0.6933
   -0.0492   -0.7138
    0.8514   -0.7023
    1.3347   -0.3546


corners_world =

    1.4271    0.0714
    1.5557    0.6963
   -0.7610    0.6928
   -0.0564   -0.7176
    0.8497   -0.7118
    1.3383   -0.3646


corners_world =

    1.4385    0.0822
    1.5189    0.6927
   -0.7711    0.6936
   -0.0503   -0.7148
    0.8516   -0.7021
    1.3495   -0.3858


corners_world =

    1.5779    0.6913
   -0.7890    0.7035
   -0.0454   -0.7131
    0.8562   -0.6957
    1.3423   -0.3755


corners_world =

    1.4332    0.0741
    1.5462    0.6961
   -0.8072    0.7078
   -0.0563   -0.7188
    0.8511   -0.7106
    1.3389   -0.3624


corners_world =

    1.4270    0.0691
    1.5672    0.6938
   -0.7828    0.7006
   -0.0486   -0.7139
    0.8513   -0.6979
    1.3399   -0.3795


corners_world =

    1.4222    0.0696
    1.5735    0.7012
   -0.7988    0.7063
   -0.0467   -0.7145
    0.8515   -0.7023
    1.3356   -0.3525


corners_world =

    1.5792    0.6883
   -0.7902    0.7025
   -0.0466   -0.7138
    0.8546   -0.6990
    1.3442   -0.3843


corners_world =

    1.4398    0.0795
    1.6176    0.6941
   -0.7680    0.6912
   -0.0524   -0.7156
    0.8228   -0.7183
    1.3383   -0.3637


corners_world =

    1.4273    0.0691
    1.5737    0.7008
   -0.8047    0.7053
   -0.0431   -0.7108
    0.8482   -0.7188
    1.3413   -0.3771


corners_world =

    1.4444    0.0810
    1.5275    0.6952
   -0.7701    0.6935
   -0.0502   -0.7130
    0.8506   -0.7035
    1.3315   -0.3525


corners_world =

    1.4214    0.0661
    1.5753    0.6974
   -0.7875    0.7002
   -0.0492   -0.7148
    0.8514   -0.7025
    1.3314   -0.3521


corners_world =

    1.4382    0.0818
    1.5263    0.6977
   -0.7790    0.6973
   -0.0464   -0.7115
    0.8484   -0.7185
    1.3429   -0.3724


corners_world =

    1.4444    0.0814
    1.6172    0.6950
   -0.7734    0.6949
   -0.0451   -0.7129
    0.8498   -0.7173
    1.3425   -0.3739


corners_world =

    1.4342    0.0761
    1.6187    0.6915
   -0.7650    0.6908
   -0.0483   -0.7132
    0.8560   -0.6969
    1.3417   -0.3752


corners_world =

    1.4568    0.0881
    1.5258    0.6989
   -0.7766    0.6966
   -0.0489   -0.7144
    0.8554   -0.6984
    1.3403   -0.3784


corners_world =

    1.4329    0.0733
    1.5469    0.6954
   -0.7596    0.6897
   -0.0545   -0.7177
    0.8487   -0.7132
    1.3393   -0.3659


corners_world =

    1.4215    0.0654
    1.5747    0.6987
   -0.7667    0.6942
   -0.0477   -0.7147
    0.8543   -0.6994
    1.3436   -0.3832


corners_world =

    1.4215    0.0670
    1.5413    0.6859
   -0.7905    0.7024
   -0.0496   -0.7141
    0.8532   -0.7004
    1.3441   -0.3814


corners_world =

    1.4216    0.0581
    1.5873    0.6925
   -0.7689    0.6932
   -0.0510   -0.7142
    0.8528   -0.7064
    1.3349   -0.3565


corners_world =

    1.4375    0.0811
    1.5832    0.6794
   -0.7603    0.6926
   -0.0527   -0.7156
    0.8515   -0.7091
    1.3385   -0.3645


corners_world =

    1.4269    0.0684
    1.5411    0.6863
   -0.8040    0.7067
   -0.0587   -0.7311
    0.8543   -0.6924
    1.3476   -0.3729


corners_world =

    1.4156    0.0536
    1.6154    0.6995
   -0.7816    0.7003
   -0.0497   -0.7130
    0.8525   -0.7013
    1.3343   -0.3559


corners_world =

    1.4269    0.0641
    1.5757    0.6966
   -0.7999    0.7065
   -0.0437   -0.7107
    0.8476   -0.7145
    1.3443   -0.3696


corners_world =

    1.4318    0.0815
    1.5279    0.6944
   -0.7638    0.6913
   -0.0528   -0.7156
    0.8257   -0.7178
    1.3388   -0.3594


corners_world =

    1.4399    0.0789
    1.5836    0.6786
   -0.7636    0.6907
   -0.0586   -0.7311
    0.8543   -0.6928
    1.3441   -0.3715


corners_world =

    1.4345    0.0774
    1.5842    0.6773
   -0.7726    0.6946
   -0.0484   -0.7144
    0.8554   -0.6978
    1.3405   -0.3779


corners_world =

    1.4276    0.0712
    1.5397    0.6897
   -0.7640    0.6911
   -0.0506   -0.7130
    0.8544   -0.6998
    1.3403   -0.3779


corners_world =

    1.4398    0.0781
    1.5374    0.6942
   -0.7617    0.6928
   -0.0511   -0.7137
    0.8519   -0.7020
    1.3660   -0.3916


corners_world =

    1.4220    0.0570
    1.5085    0.6960
   -0.7825    0.6992
   -0.0462   -0.7140
    0.8544   -0.6986
    1.3351   -0.3760


corners_world =

    1.4443    0.0823
    1.5285    0.6932
   -0.7560    0.6914
   -0.0571   -0.7177
    0.8500   -0.7114
    1.3384   -0.3659


corners_world =

    1.6181    0.6934
   -0.7576    0.6902
   -0.0556   -0.7194
    0.8526   -0.6898
    1.3438   -0.3709


corners_world =

    1.4342    0.0755
    1.6189    0.6916
   -0.7623    0.6918
   -0.0539   -0.7175
    0.8252   -0.7192
    1.3398   -0.3620


corners_world =

    1.4271    0.0626
    1.5773    0.6932
   -0.7754    0.6937
   -0.0525   -0.7156
    0.8530   -0.7067
    1.3350   -0.3568


corners_world =

    1.4275    0.0697
    1.5579    0.6938
   -0.7866    0.7014
   -0.0505   -0.7150
    0.8279   -0.7176
    1.3391   -0.3606


corners_world =

    1.4221    0.0682
    1.5580    0.6929
   -0.7906    0.7014
   -0.0463   -0.7140
    0.8524   -0.7015
    1.3668   -0.3889


corners_world =

    1.4219    0.0605
    1.5005    0.6933
   -0.7862    0.7014
   -0.0483   -0.7144
    0.8528   -0.7010
    1.3666   -0.3905


corners_world =

    1.4341    0.0735
    1.5468    0.6954
   -0.7608    0.6912
   -0.0530   -0.7178
    0.8519   -0.7100
    1.3389   -0.3633


corners_world =

    1.4447    0.0812
    1.6176    0.6948
   -0.7787    0.6997
   -0.0473   -0.7142
    0.8549   -0.6985
    1.3402   -0.3793


corners_world =

    1.4268    0.0646
    1.5768    0.6946
   -0.7933    0.7039
   -0.0464   -0.7128
    0.8551   -0.6979
    1.3382   -0.3736


corners_world =

    1.4379    0.0816
    1.5831    0.6799
   -0.7647    0.6913
   -0.0522   -0.7149
    0.8259   -0.7189
    1.3378   -0.3598


corners_world =

    1.5800    0.6873
   -0.1290    0.0949
   -0.0467   -0.7130
    0.8540   -0.6996
    1.3443   -0.3824


corners_world =

    1.5843    0.6774
   -0.8030    0.7073
   -0.0450   -0.7131
    0.8550   -0.6985
    1.3353   -0.3775


corners_world =

    1.4160    0.0545
    1.5813    0.6843
   -0.7792    0.6994
   -0.0464   -0.7145
    0.8552   -0.6986
    1.3444   -0.3821


corners_world =

    1.4222    0.0621
    1.5762    0.6959
   -0.7549    0.6897
   -0.0569   -0.7202
    0.8481   -0.7142
    1.3403   -0.3691


corners_world =

    1.4398    0.0797
    1.5366    0.6969
   -0.7630    0.6913
   -0.0535   -0.7175
    0.8514   -0.7107
    1.3395   -0.3634


corners_world =

    1.4277    0.0717
    1.5568    0.6954
   -0.8024    0.7079
   -0.0430   -0.7107
    0.8579   -0.6946
    1.3464   -0.3759


corners_world =

    1.4445    0.0816
    1.6171    0.6961
   -0.7706    0.6925
   -0.0483   -0.7141
    0.8531   -0.7008
    1.3452   -0.3838


corners_world =

    1.4329    0.0735
    1.5560    0.6971
   -0.7991    0.7067
   -0.0444   -0.7111
    0.8502   -0.7172
    1.3425   -0.3744


corners_world =

    1.4155    0.0545
    1.5271    0.6967
   -0.7725    0.6945
   -0.0469   -0.7132
    0.8537   -0.7005
    1.3448   -0.3809


corners_world =

    1.4277    0.0674
    1.5749    0.6989
   -0.8033    0.7068
   -0.0422   -0.7105
    0.8491   -0.7131
    1.3405   -0.3695


corners_world =

    1.5834    0.6796
   -0.7678    0.6934
   -0.0497   -0.7148
    0.8516   -0.7026
    1.3314   -0.3533


corners_world =

    1.5793    0.6891
   -0.7965    0.7047
   -0.0439   -0.7104
    0.8491   -0.7182
    1.3466   -0.3763


corners_world =

    1.4330    0.0732
    1.5393    0.6911
   -0.7575    0.6917
   -0.0572   -0.7202
    0.8487   -0.7139
    1.3392   -0.3687


corners_world =

    1.4217    0.0637
    1.5765    0.6955
   -0.7927    0.7045
   -0.0469   -0.7145
    0.8547   -0.6993
    1.3449   -0.3817


corners_world =

    1.4573    0.0871
    1.5266    0.6979
   -0.7674    0.6934
   -0.0532   -0.7175
    0.8249   -0.7187
    1.3392   -0.3609


corners_world =

    1.4280    0.0690
    1.5568    0.6955
   -0.8085    0.7107
   -0.0570   -0.7205
    0.8488   -0.7131
    1.3399   -0.3681


corners_world =

    1.4281    0.0714
    1.5487    0.6928
   -0.7558    0.6913
   -0.0520   -0.7149
    0.8511   -0.7033
    1.3314   -0.3525


corners_world =

    1.4271    0.0655
    1.5754    0.6981
   -0.7578    0.6913
   -0.0500   -0.7145
    0.8529   -0.7012
    1.3456   -0.3831


corners_world =

    1.4164    0.0546
    1.5806    0.6861
   -0.7994    0.7062
   -0.0545   -0.7177
    0.8257   -0.7185
    1.3397   -0.3594


corners_world =

    1.4277    0.0698
    1.5574    0.6942
   -0.7560    0.6911
   -0.0552   -0.7191
    0.8486   -0.7137
    1.3394   -0.3699


corners_world =

    1.4333    0.0736
    1.5467    0.6960
   -0.7587    0.6910
   -0.0547   -0.7176
    0.8510   -0.7113
    1.3386   -0.3653


corners_world =

    1.4337    0.0756
    1.5857    0.6745
   -0.7600    0.6933
   -0.0563   -0.7280
    0.8485   -0.7139
    1.3405   -0.3698


corners_world =

    1.4157    0.0538
    1.5807    0.6861
   -0.7748    0.6944
   -0.0486   -0.7149
    0.8545   -0.6997
    1.3404   -0.3796


corners_world =

    1.4167    0.0542
    1.5818    0.6835
   -0.7789    0.6996
   -0.0447   -0.7121
    0.8508   -0.7163
    1.3398   -0.3704


corners_world =

    1.4449    0.0825
    1.5358    0.6991
   -0.7692    0.6932
   -0.0447   -0.7131
    0.8529   -0.7196
    1.3433   -0.3701


corners_world =

    1.4387    0.0763
    1.6196    0.6905
   -0.7720    0.6949
   -0.0447   -0.7129
    0.8488   -0.7190
    1.3428   -0.3747


corners_world =

    1.4331    0.0732
    1.5557    0.6981
   -0.7645    0.6905
   -0.0468   -0.7150
    0.8549   -0.6992
    1.3408   -0.3781


corners_world =

    1.4340    0.0756
    1.6195    0.6910
   -0.7804    0.6982
   -0.0474   -0.7134
    0.8545   -0.6997
    1.3447   -0.3827


corners_world =

    1.4404    0.0783
    1.5362    0.6983
   -0.7738    0.6947
   -0.0483   -0.7141
    0.8543   -0.6999
    1.3407   -0.3796


corners_world =

    1.4283    0.0707
    1.5483    0.6927
   -0.7624    0.6920
   -0.0482   -0.7139
    0.8544   -0.6995
    1.3415   -0.3775


corners_world =

    1.4404    0.0787
    1.5843    0.6780
   -0.7611    0.6912
   -0.0521   -0.7156
    0.8515   -0.7030
    1.3355   -0.3531


corners_world =

    1.4394    0.0775
    1.5464    0.6969
   -0.8084    0.7106
   -0.0451   -0.7113
    0.8495   -0.7182
    1.3382   -0.3757


corners_world =

    1.5798    0.6883
   -0.7834    0.6997
   -0.0464   -0.7130
    0.8557   -0.6975
    1.3419   -0.3764


corners_world =

    1.4178    0.0590
    1.5167    0.6990
   -0.7884    0.7031
   -0.0419   -0.7108
    0.8492   -0.7132
    1.3388   -0.3680


corners_world =

    1.4219    0.0622
    1.5601    0.6884
   -0.8003    0.7058
   -0.0563   -0.7218
    0.8500   -0.7123
    1.3392   -0.3646


corners_world =

    1.4275    0.0675
    1.5759    0.6974
   -0.8080    0.7110
   -0.0557   -0.7176
    0.8263   -0.7204
    1.3400   -0.3617


corners_world =

    1.4398    0.0768
    1.5381    0.6942
   -0.7643    0.6910
   -0.0505   -0.7135
    0.8508   -0.7039
    1.3321   -0.3533


corners_world =

    1.4454    0.0802
    1.5837    0.6793
   -0.7756    0.6959
   -0.0457   -0.7133
    0.8538   -0.6951
    1.3416   -0.3774


corners_world =

    1.4402    0.0784
    1.6180    0.6946
   -0.7830    0.6986
   -0.0444   -0.7131
    0.8533   -0.6958
    1.3420   -0.3744


corners_world =

    1.4163    0.0551
    1.5812    0.6854
   -0.7839    0.6991
   -0.0476   -0.7147
    0.8543   -0.6997
    1.3407   -0.3799


corners_world =

    1.4277    0.0691
    1.5656    0.6990
   -0.7555    0.6907
   -0.0426   -0.7107
    0.8475   -0.7149
    1.3403   -0.3692


corners_world =

    1.4404    0.0804
    1.5293    0.6932
   -0.7627    0.6916
   -0.0508   -0.7157
    0.8553   -0.7044
    1.3313   -0.3538


corners_world =

    1.4446    0.0818
    1.6171    0.6968
   -0.7666    0.6917
   -0.0483   -0.7144
    0.8564   -0.6972
    1.3376   -0.3743


corners_world =

    1.4397    0.0741
    1.5568    0.6961
   -0.7991    0.7063
   -0.0438   -0.7112
    0.8578   -0.6952
    1.3471   -0.3746


corners_world =

    1.4226    0.0604
    1.5787    0.6910
   -0.7820    0.6981
   -0.0439   -0.7132
    0.8532   -0.6960
    1.3409   -0.3783


corners_world =

    1.4339    0.0761
    1.5467    0.6966
   -0.7612    0.6917
   -0.0519   -0.7156
    0.8254   -0.7191
    1.3355   -0.3615


corners_world =

    1.5261    0.7003
   -0.7784    0.6965
   -0.0461   -0.7145
    0.8555   -0.6991
    1.3405   -0.3790


corners_world =

    1.4405    0.0796
    1.5374    0.6959
   -0.7586    0.6928
   -0.0548   -0.7176
    0.8499   -0.7125
    1.3391   -0.3692


corners_world =

    1.4399    0.0772
    1.5849    0.6768
   -0.7556    0.6908
   -0.0431   -0.7105
    0.8489   -0.7187
    1.3393   -0.3731


corners_world =

    1.4407    0.0800
    1.6190    0.6925
   -0.7578    0.6906
   -0.0437   -0.7112
    0.8540   -0.6951
    1.3372   -0.3761


corners_world =

    1.4282    0.0712
    1.5567    0.6970
   -0.8089    0.7099
   -0.0443   -0.7116
    0.8565   -0.6971
    1.3381   -0.3728


corners_world =

    1.4576    0.0870
    1.5812    0.6854
   -0.7821    0.6998
   -0.0486   -0.7143
    0.8540   -0.7002
    1.3454   -0.3827


corners_world =

    1.4344    0.0762
    1.5853    0.6760
   -0.7559    0.6904
   -0.0418   -0.7100
    0.8517   -0.7163
    1.3400   -0.3690


corners_world =

    1.4274    0.0661
    1.5769    0.6953
   -0.7885    0.7024
   -0.0455   -0.7130
    0.8558   -0.6981
    1.3420   -0.3774


corners_world =

    1.4576    0.0874
    1.5812    0.6855
   -0.7666    0.6909
   -0.0504   -0.7150
    0.8529   -0.7074
    1.3365   -0.3571


corners_world =

    1.4337    0.0722
    1.5570    0.6972
   -0.7563    0.6915
   -0.0547   -0.7176
    0.8516   -0.7106
    1.3383   -0.3677


corners_world =

    1.4284    0.0720
    1.5480    0.6947
   -0.7626    0.6911
   -0.0479   -0.7141
    0.8541   -0.7005
    1.3461   -0.3813


corners_world =

    1.4343    0.0750
    1.5855    0.6756
   -0.7706    0.6946
   -0.0469   -0.7140
    0.8547   -0.6998
    1.3454   -0.3831


corners_world =

    1.4292    0.0720
    1.5469    0.6957
   -0.7714    0.6937
   -0.0476   -0.7129
    0.8514   -0.6987
    1.3452   -0.3810


corners_world =

    1.4224    0.0632
    1.5775    0.6941
   -0.8064    0.7077
   -0.0531   -0.7157
    0.8515   -0.7034
    1.3358   -0.3541


corners_world =

    1.4351    0.0747
    1.5476    0.6950
   -0.8047    0.7043
   -0.0579   -0.7311
    0.8515   -0.7112
    1.3394   -0.3629


corners_world =

    1.4337    0.0719
    1.5741    0.7018
   -0.7967    0.7078
   -0.0477   -0.7144
    0.8542   -0.7001
    1.3453   -0.3806


corners_world =

    1.4450    0.0807
    1.5284    0.6949
   -0.7710    0.6922
   -0.0476   -0.7139
    0.8536   -0.7008
    1.3625   -0.3863


corners_world =

    1.4401    0.0801
    1.5368    0.6977
   -0.7684    0.6941
   -0.0464   -0.7132
    0.8578   -0.6961
    1.3434   -0.3757


corners_world =

    1.4229    0.0582
    1.5798    0.6890
   -0.7833    0.6990
   -0.0438   -0.7132
    0.8487   -0.7195
    1.3427   -0.3744


corners_world =

    1.4219    0.0636
    1.5772    0.6950
   -0.8020    0.7078
   -0.0545   -0.7189
    0.8517   -0.7106
    1.3360   -0.3639


corners_world =

    1.4226    0.0589
    1.5007    0.6942
   -0.8020    0.7074
   -0.0525   -0.7163
    0.8537   -0.7079
    1.3403   -0.3588


corners_world =

    1.4223    0.0613
    1.5783    0.6924
   -0.8016    0.7082
   -0.0552   -0.7206
    0.8504   -0.7118
    1.3389   -0.3666


corners_world =

    1.5778    0.6937
   -0.8018    0.7076
   -0.0546   -0.7186
    0.8269   -0.7185
    1.3363   -0.3581


corners_world =

    1.4168    0.0552
    1.5976    0.6952
   -0.7689    0.6926
   -0.0499   -0.7137
    0.8531   -0.7015
    1.3674   -0.3892


corners_world =

    1.4228    0.0605
    1.5787    0.6916
   -0.7874    0.7034
   -0.0440   -0.7104
    0.8496   -0.7131
    1.3402   -0.3685


corners_world =

    1.4163    0.0545
    1.5258    0.7008
   -0.7867    0.7001
   -0.0569   -0.7280
    0.8506   -0.7123
    1.3402   -0.3630


corners_world =

    1.4281    0.0717
    1.5476    0.6951
   -0.7760    0.6956
   -0.0430   -0.7105
    0.8567   -0.6904
    1.3405   -0.3686


corners_world =

    1.4224    0.0648
    1.5589    0.6925
   -0.7584    0.6919
   -0.0499   -0.7147
    0.8528   -0.7019
    1.3671   -0.3903


corners_world =

    1.4223    0.0617
    1.5776    0.6942
   -0.7543    0.6916
   -0.0531   -0.7175
    0.8272   -0.7175
    1.3355   -0.3586


corners_world =

    1.4284    0.0713
    1.5484    0.6934
   -0.7571    0.6904
   -0.0545   -0.7204
    0.8499   -0.7124
    1.3402   -0.3630


corners_world =

    1.4406    0.0782
    1.6188    0.6935
   -0.7762    0.6957
   -0.0487   -0.7146
    0.8541   -0.7003
    1.3515   -0.3850


corners_world =

    1.4278    0.0686
    1.5416    0.6873
   -0.7603    0.6910
   -0.0493   -0.7148
    0.8553   -0.6993
    1.3418   -0.3763


corners_world =

    1.4326    0.0813
    1.5277    0.6967
   -0.7868    0.7029
   -0.0536   -0.7169
    0.8270   -0.7184
    1.3323   -0.3542


corners_world =

    1.4222    0.0609
    1.5780    0.6934
   -0.7840    0.6989
   -0.0452   -0.7128
    0.8497   -0.7185
    1.3443   -0.3731


corners_world =

    1.4406    0.0774
    1.5851    0.6770
   -0.7569    0.6932
   -0.0526   -0.7178
    0.8264   -0.7187
    1.3364   -0.3603


corners_world =

    1.4283    0.0694
    1.5587    0.6925
   -0.7923    0.7039
   -0.0434   -0.7129
    0.8565   -0.6975
    1.3414   -0.3770


corners_world =

    1.4224    0.0668
    1.5769    0.6959
   -0.7860    0.7015
   -0.0461   -0.7147
    0.8538   -0.7008
    1.3678   -0.3892


corners_world =

    1.4228    0.0687
    1.5674    0.6958
   -0.7900    0.7011
   -0.0472   -0.7142
    0.8523   -0.7026
    1.3320   -0.3533


corners_world =

    1.4341    0.0744
    1.5479    0.6947
   -0.8081    0.7104
   -0.0434   -0.7127
    0.8554   -0.6993
    1.3505   -0.3871


corners_world =

    1.4222    0.0660
    1.5592    0.6927
   -0.8049    0.7092
   -0.0446   -0.7113
    0.8563   -0.6977
    1.3413   -0.3781


corners_world =

    1.4347    0.0729
    1.5485    0.6940
   -0.7583    0.6908
   -0.0515   -0.7164
    0.8549   -0.7066
    1.3393   -0.3591


corners_world =

    1.4454    0.0821
    1.5361    0.6995
   -0.7688    0.6930
   -0.0507   -0.7144
    0.8524   -0.7026
    1.3676   -0.3892


corners_world =

    1.4283    0.0706
    1.5659    0.6993
   -0.7990    0.7060
   -0.0453   -0.7135
    0.8571   -0.6968
    1.3431   -0.3747


corners_world =

    1.4454    0.0833
    1.5284    0.6955
   -0.7664    0.6912
   -0.0486   -0.7148
    0.8533   -0.7018
    1.3355   -0.3522


corners_world =

    1.4227    0.0668
    1.5764    0.6973
   -0.7924    0.7025
   -0.0471   -0.7144
    0.8549   -0.7000
    1.3511   -0.3860


corners_world =

    1.4452    0.0829
    1.5294    0.6939
   -0.7561    0.6906
   -0.0443   -0.7131
    0.8539   -0.7011
    1.3358   -0.3523


corners_world =

    1.4275    0.0663
    1.5766    0.6969
   -0.7894    0.7017
   -0.0495   -0.7142
    0.8279   -0.7175
    1.3394   -0.3618


corners_world =

    1.4284    0.0691
    1.5582    0.6938
   -0.7882    0.7019
   -0.0487   -0.7148
    0.8526   -0.7023
    1.3320   -0.3548


corners_world =

    1.4343    0.0760
    1.5564    0.6981
   -0.7916    0.7026
   -0.0484   -0.7131
    0.8532   -0.7020
    1.3366   -0.3533


corners_world =

    1.4281    0.0609
    1.5798    0.6896
   -0.7573    0.6910
   -0.0436   -0.7114
    0.8574   -0.6965
    1.3418   -0.3778


corners_world =

    1.4230    0.0684
    1.5770    0.6960
   -0.7786    0.6968
   -0.0494   -0.7145
    0.8266   -0.7183
    1.3345   -0.3601


corners_world =

    1.4280    0.0671
    1.5762    0.6978
   -0.7950    0.7052
   -0.0461   -0.7142
    0.8546   -0.7008
    1.3318   -0.3528


corners_world =

    1.4163    0.0542
    1.5821    0.6844
   -0.7807    0.6994
   -0.0469   -0.7144
    0.4727   -0.9952
    0.8535   -0.7018
    1.3323   -0.3529


corners_world =

    1.4228    0.0669
    1.5583    0.6939
   -0.8045    0.7042
   -0.0549   -0.7191
    0.8500   -0.7134
    1.3413   -0.3686


corners_world =

    1.4453    0.0817
    1.5288    0.6947
   -0.7696    0.6930
   -0.0489   -0.7138
    0.8546   -0.7055
    1.3396   -0.3567


corners_world =

    1.4231    0.0615
    1.5785    0.6926
   -0.7889    0.7021
   -0.0457   -0.7120
    0.8582   -0.6952
    1.3428   -0.3745


corners_world =

    1.4345    0.0788
    1.5847    0.6784
   -0.7579    0.6904
   -0.0537   -0.7177
    0.8516   -0.7107
    1.3399   -0.3634


corners_world =

    1.4288    0.0680
    1.5751    0.7004
   -0.7982    0.7064
   -0.0440   -0.7131
    0.8581   -0.6958
    1.3421   -0.3750


corners_world =

    1.4408    0.0791
    1.6190    0.6937
   -0.7627    0.6910
   -0.0477   -0.7141
    0.8529   -0.7021
    1.3323   -0.3521


corners_world =

    1.4222    0.0657
    1.5593    0.6928
   -0.7539    0.6913
   -0.0538   -0.7187
    0.8524   -0.7098
    1.3400   -0.3650


corners_world =

    1.4227    0.0603
    1.5786    0.6927
   -0.8025    0.7064
   -0.0527   -0.7177
    0.8269   -0.7184
    1.3398   -0.3579


corners_world =

    1.4288    0.0688
    1.5676    0.6965
   -0.8019    0.7070
   -0.0538   -0.7192
    0.8522   -0.7108
    1.3393   -0.3637


corners_world =

    1.4399    0.0819
    1.5279    0.6969
   -0.7730    0.6937
   -0.0479   -0.7141
    0.8536   -0.7018
    1.3324   -0.3520


corners_world =

    1.4178    0.0567
    1.5799    0.6897
   -0.8019    0.7074
   -0.0416   -0.7105
    0.8516   -0.7170
    1.3441   -0.3736


corners_world =

    1.4227    0.0654
    1.5592    0.6933
   -0.8051    0.7087
   -0.0414   -0.7108
    0.8501   -0.7133
    1.3407   -0.3671


corners_world =

    1.4356    0.0781
    1.5853    0.6772
   -0.7632    0.6907
   -0.0507   -0.7156
    0.8283   -0.7184
    1.3397   -0.3586


corners_world =

    1.4583    0.0849
    1.5272    0.6985
   -0.7677    0.6939
   -0.0484   -0.7138
    0.8557   -0.6992
    1.3421   -0.3762


corners_world =

    1.4167    0.0555
    1.5274    0.6981
   -0.7752    0.6957
   -0.0442   -0.7121
    0.8503   -0.7178
    1.3437   -0.3723


corners_world =

    1.4169    0.0574
    1.5799    0.6897
   -0.7877    0.7015
   -0.0425   -0.7105
    0.8496   -0.7136
    1.3413   -0.3688


corners_world =

    1.4451    0.0830
    1.5839    0.6807
   -0.7806    0.6998
   -0.0413   -0.7105
    0.8511   -0.7118
    1.3395   -0.3660


corners_world =

    1.4165    0.0539
    1.5820    0.6850
   -0.7737    0.6940
   -0.0438   -0.7131
    0.8505   -0.7180
    1.3403   -0.3725


corners_world =

    1.4354    0.0778
    1.6200    0.6916
   -0.7607    0.6919
   -0.0538   -0.7186
    0.8580   -0.6894
    1.3408   -0.3691


corners_world =

    1.4230    0.0600
    1.5790    0.6919
   -0.7890    0.7011
   -0.0444   -0.7136
    0.8558   -0.6988
    1.3420   -0.3777


corners_world =

    1.4343    0.0714
    1.5741    0.7030
   -0.7550    0.6912
   -0.0537   -0.7192
    0.8512   -0.7118
    1.3397   -0.3664


corners_world =

    1.4402    0.0776
    1.6191    0.6938
   -0.7641    0.6904
   -0.0510   -0.7154
    0.8549   -0.7062
    1.3360   -0.3564


corners_world =

    1.4332    0.0831
    1.5279    0.6979
   -0.7639    0.6921
   -0.0486   -0.7145
    0.8526   -0.7031
    1.3362   -0.3557


corners_world =

    1.4235    0.0725
    1.5667    0.6982
   -0.7992    0.7058
   -0.0430   -0.7104
    0.8516   -0.7164
    1.3447   -0.3709


corners_world =

    1.4388    0.0815
    1.5364    0.6997
   -0.7708    0.6930
   -0.0477   -0.7141
    0.8541   -0.7008
    1.3519   -0.3832


corners_world =

    1.4400    0.0816
    1.5284    0.6961
   -0.7847    0.7011
   -0.0424   -0.7110
    0.8512   -0.7168
    1.3440   -0.3734


corners_world =

    1.4584    0.0854
    1.6157    0.7017
   -0.7877    0.7022
   -0.0435   -0.7106
    0.8510   -0.7175
    1.3443   -0.3735


corners_world =

    1.5802    0.6894
   -0.7948    0.7055
   -0.0422   -0.7115
    0.8537   -0.7193
    1.3409   -0.3710


corners_world =

    1.4224    0.0643
    1.5783    0.6937
   -0.7831    0.6990
   -0.0471   -0.7144
    0.8546   -0.7004
    1.3462   -0.3823


corners_world =

    1.4284    0.0708
    1.5583    0.6945
   -0.8016    0.7076
   -0.0567   -0.7279
    0.8530   -0.7151
    1.3412   -0.3671


corners_world =

    1.4114    0.0538
    1.5281    0.6970
   -0.7553    0.6907
   -0.0430   -0.7127
    0.8571   -0.6973
    1.3420   -0.3772


corners_world =

    1.4351    0.0770
    1.5470    0.6975
   -0.8109    0.7118
   -0.0460   -0.7135
    0.8540   -0.7014
    1.3369   -0.3531


corners_world =

    1.4232    0.0694
    1.5589    0.6937
   -0.8080    0.7101
   -0.0425   -0.7109
    0.8586   -0.6955
    1.3421   -0.3779


corners_world =

    1.4288    0.0732
    1.5474    0.6957
   -0.7625    0.6909
   -0.0494   -0.7147
    0.8527   -0.7031
    1.3325   -0.3523


corners_world =

    1.4395    0.0836
    1.5283    0.6966
   -0.7704    0.6949
   -0.0489   -0.7138
    0.8548   -0.7001
    1.3460   -0.3834


corners_world =

    1.4413    0.0789
    1.5853    0.6778
   -0.7668    0.6932
   -0.0453   -0.7148
    0.8583   -0.6955
    1.3405   -0.3735


corners_world =

    1.4346    0.0727
    1.5492    0.6935
   -0.7610    0.6922
   -0.0446   -0.7136
    0.8575   -0.6965
    1.3405   -0.3724


corners_world =

    1.4227    0.0609
    1.5778    0.6950
   -0.7560    0.6906
   -0.0488   -0.7145
    0.8543   -0.7012
    1.3683   -0.3881


corners_world =

    1.4282    0.0611
    1.5788    0.6929
   -0.8078    0.7103
   -0.0542   -0.7163
    0.8612   -0.6859
    1.3396   -0.3635


corners_world =

    1.5793    0.6916
   -0.7993    0.7052
   -0.0534   -0.7189
    0.8528   -0.7105
    1.3406   -0.3637

